external,coupling,seed,p1freq,p1mean,p2freq,p2mean,corr,pli
-0.0003, 0.0, 100, 0.05, 0.999840000399999, 0.05, 0.9998075004812488, 0.9116697943480382, 0.9989535005779796
-0.0003, 1.4285714285714284e-09, 100, 0.05, 0.999840000399999, 0.05, 0.9998100004749988, 0.9176491682666611, 0.9991081113737056
-0.0003, 2.8571428571428568e-09, 100, 0.05, 0.999840000399999, 0.05, 0.9998100004749988, 0.9176491682666611, 0.9992298428428943
-0.0003, 4.285714285714285e-09, 100, 0.05, 0.0023449941375146563, 0.05, 0.002312494218764453, 0.9930300102045692, nan
-0.0003, 5.7142857142857136e-09, 100, 0.05, 0.002307494231264422, 0.05, 0.0022749943125142187, 0.9929166015946614, nan
-0.0003, 7.142857142857142e-09, 100, 0.05, 0.0022899942750143126, 0.05, 0.0022624943437641407, 0.9939637996793725, nan
-0.0003, 8.57142857142857e-09, 100, 0.05, 0.00227999430001425, 0.05, 0.002252494368764078, 0.9939373053231809, nan
-0.0003, 9.999999999999999e-09, 100, 0.05, 0.0022724943187642033, 0.05, 0.002247494381264047, 0.9944717790289479, nan
-0.0002678571428571428, 0.0, 100, 0.05, 0.9996075009812475, 0.05, 0.9994725013187467, 0.36233259587923095, 0.9985943067671479
-0.0002678571428571428, 1.4285714285714284e-09, 100, 0.05, 0.9997375006562483, 0.05, 0.9997400006499984, 0.6314899069092401, 0.9988309823972761
-0.0002678571428571428, 2.8571428571428568e-09, 100, 0.05, 0.9997950005124987, 0.05, 0.9998025004937487, 0.8199819539317136, 0.9990091376723471
-0.0002678571428571428, 4.285714285714285e-09, 100, 0.05, 0.002392494018764953, 0.05, 0.0023574941062647343, 0.9926411141465861, nan
-0.0002678571428571428, 5.7142857142857136e-09, 100, 0.05, 0.002327494181264547, 0.05, 0.0022974942562643593, 0.9935194775589884, nan
-0.0002678571428571428, 7.142857142857142e-09, 100, 0.05, 0.002304994237514406, 0.05, 0.0022749943125142187, 0.9934561583850282, nan
-0.0002678571428571428, 8.57142857142857e-09, 100, 0.05, 0.002294994262514344, 0.05, 0.0022624943437641407, 0.9928779721708691, nan
-0.0002678571428571428, 9.999999999999999e-09, 100, 0.05, 0.0022849942875142813, 0.05, 0.0022549943625140936, 0.9933988243348714, nan
-0.0002357142857142857, 0.0, 100, 0.2, 0.9910200224499439, 0.1, 0.9959575101062247, 0.024006411887280775, 0.9911975975402927
-0.0002357142857142857, 1.4285714285714284e-09, 100, 0.2, 0.997757505606236, 0.1, 0.9973475066312334, 0.07051241038223834, 0.997947201940712
-0.0002357142857142857, 2.8571428571428568e-09, 100, 0.1, 0.9986575033562416, 0.05, 0.9987475031312422, 0.13576332780639402, 0.9986254342319829
-0.0002357142857142857, 4.285714285714285e-09, 100, 0.05, 0.999197502006245, 0.05, 0.9992100019749951, 0.22230759323165858, 0.9988510850733918
-0.0002357142857142857, 5.7142857142857136e-09, 100, 0.05, 0.0023474941312646718, 0.05, 0.0023149942125144686, 0.9930374414981479, nan
-0.0002357142857142857, 7.142857142857142e-09, 100, 0.05, 0.0023199942000145, 0.05, 0.0022874942812642967, 0.9929548132722696, nan
-0.0002357142857142857, 8.57142857142857e-09, 100, 0.05, 0.0023024942437643906, 0.05, 0.0022749943125142187, 0.9939965930165893, nan
-0.0002357142857142857, 9.999999999999999e-09, 100, 0.05, 0.002292494268764328, 0.05, 0.002264994337514156, 0.9939703870429086, nan
-0.00020357142857142856, 0.0, 100, 1.15, 0.9543501141247147, 1.25, 0.957755105612236, -0.029855755128564067, 0.9443150256123236
-0.00020357142857142856, 1.4285714285714284e-09, 100, 0.65, 0.9704625738435654, 0.6, 0.97760255599361, -0.004353376436145554, 0.9700090785906113
-0.00020357142857142856, 2.8571428571428568e-09, 100, 0.55, 0.9767075582311044, 0.3, 0.9828475428811428, 0.01866217300099274, 0.9749279500483092
-0.00020357142857142856, 4.285714285714285e-09, 100, 0.5, 0.9836375409061477, 0.2, 0.9911500221249447, 0.06040244775135167, 0.9891806704255343
-0.00020357142857142856, 5.7142857142857136e-09, 100, 0.05, 0.0023824940437648908, 0.05, 0.0023499941250146876, 0.9931398363993391, nan
-0.00020357142857142856, 7.142857142857142e-09, 100, 0.05, 0.002337494156264609, 0.05, 0.002304994237514406, 0.993007620612868, nan
-0.00020357142857142856, 8.57142857142857e-09, 100, 0.05, 0.0023174942062644845, 0.05, 0.0022874942812642967, 0.9934914879922052, nan
-0.00020357142857142856, 9.999999999999999e-09, 100, 0.05, 0.0023024942437643906, 0.05, 0.002277494306264234, 0.994543841043495, nan
-0.0001714285714285714, 0.0, 100, 4.55, 0.8285404286489284, 4.9, 0.8038529903675241, -0.018717676151995797, 0.7513111027886279
-0.0001714285714285714, 1.4285714285714284e-09, 100, 3.6, 0.8561903595241012, 4.0, 0.834245414386464, 0.04914620529183064, 0.8015700312875106
-0.0001714285714285714, 2.8571428571428568e-09, 100, 3.1, 0.8830677923305191, 3.55, 0.8498153754615614, 0.1525357489721193, 0.8455623400976854
-0.0001714285714285714, 4.285714285714285e-09, 100, 2.4, 0.9023327441681396, 2.95, 0.8887402781493047, 0.19556505367598356, 0.8983670342037227
-0.0001714285714285714, 5.7142857142857136e-09, 100, 0.05, 0.0025074937312656717, 0.05, 0.0024624938437653905, 0.9909639433804317, nan
-0.0001714285714285714, 7.142857142857142e-09, 100, 0.05, 0.002367494081264797, 0.05, 0.002327494181264547, 0.9914964068675965, nan
-0.0001714285714285714, 8.57142857142857e-09, 100, 0.05, 0.002337494156264609, 0.05, 0.0023024942437643906, 0.9924677236841628, nan
-0.0001714285714285714, 9.999999999999999e-09, 100, 0.05, 0.0023224941937645158, 0.05, 0.0022874942812642967, 0.9924190046505842, nan
-0.00013928571428571427, 0.0, 100, 9.75, 0.6070309824225439, 9.75, 0.5843760390599023, 0.016326120307267343, 0.49479521686767247
-0.00013928571428571427, 1.4285714285714284e-09, 100, 9.45, 0.6214459463851341, 9.15, 0.6094959762600594, 0.1597670484852175, 0.5995659581463467
-0.00013928571428571427, 2.8571428571428568e-09, 100, 8.95, 0.6192209519476202, 8.65, 0.6149559626100934, 0.24969942876546225, 0.6399091181337146
-0.00013928571428571427, 4.285714285714285e-09, 100, 8.65, 0.6266534333664165, 8.2, 0.6346784133039668, 0.35025808643938083, 0.7156568311410737
-0.00013928571428571427, 5.7142857142857136e-09, 100, 8.3, 0.6169009577476057, 8.65, 0.6164509588726028, 0.45713066139565295, 0.7590588411115419
-0.00013928571428571427, 7.142857142857142e-09, 100, 0.05, 0.0024174939562651094, 0.05, 0.0023599941000147498, 0.9880075066663497, nan
-0.00013928571428571427, 8.57142857142857e-09, 100, 0.05, 0.0023699940750148123, 0.05, 0.0023149942125144686, 0.9883012702574135, nan
-0.00013928571428571427, 9.999999999999999e-09, 100, 0.05, 0.0023474941312646718, 0.05, 0.002294994262514344, 0.9887286477764571, nan
-0.00010714285714285711, 0.0, 100, 10.15, 0.38223404441488895, 10.05, 0.37519656200859497, -0.00602804270658216, 0.2382147100042707
-0.00010714285714285711, 1.4285714285714284e-09, 100, 10.05, 0.39598901002747494, 10.2, 0.3902215244461889, 0.1452798128174263, 0.3580354342010018
-0.00010714285714285711, 2.8571428571428568e-09, 100, 10.1, 0.39861900345249135, 10.2, 0.3914490213774466, 0.2447730213595912, 0.4292386137586004
-0.00010714285714285711, 4.285714285714285e-09, 100, 9.9, 0.37064407338981653, 10.5, 0.3838615403461491, 0.34611122391857463, 0.5257839932752165
-0.00010714285714285711, 5.7142857142857136e-09, 100, 10.45, 0.3613690965772586, 10.4, 0.36972657568356077, 0.4578828313651516, 0.6526947807218
-0.00010714285714285711, 7.142857142857142e-09, 100, 0.05, 0.0025649935875160313, 0.05, 0.0025099937250156875, 0.9891933829723348, nan
-0.00010714285714285711, 8.57142857142857e-09, 100, 0.05, 0.0023949940125149688, 0.05, 0.0023499941250146876, 0.9905385391619201, nan
-0.00010714285714285711, 9.999999999999999e-09, 100, 0.05, 0.0023599941000147498, 0.05, 0.0023174942062644845, 0.9909337485139872, nan
-7.499999999999997e-05, 0.0, 100, 9.65, 0.2610068474828813, 9.4, 0.25883935290161775, 0.033587705400820546, 0.19743230553713267
-7.499999999999997e-05, 1.4285714285714284e-09, 100, 9.9, 0.26690433273916814, 9.15, 0.26569433576416057, 0.12999971415506703, 0.2704677377316526
-7.499999999999997e-05, 2.8571428571428568e-09, 100, 9.65, 0.27441181397046505, 9.25, 0.26860182849542874, 0.2751679769158828, 0.39061885258032814
-7.499999999999997e-05, 4.285714285714285e-09, 100, 9.55, 0.2671668320829198, 9.35, 0.267519331201672, 0.39112452042794843, 0.5064986590991661
-7.499999999999997e-05, 5.7142857142857136e-09, 100, 9.15, 0.2663718340704148, 9.5, 0.2651668370829073, 0.42886439445298113, 0.5540459378711747
-7.499999999999997e-05, 7.142857142857142e-09, 100, 9.2, 0.2493443766390584, 9.3, 0.25084937287656783, 0.48832557974163227, 0.6325742262490307
-7.499999999999997e-05, 8.57142857142857e-09, 100, 0.05, 0.0024799938000155, 0.05, 0.0024174939562651094, 0.9872878580778449, nan
-7.499999999999997e-05, 9.999999999999999e-09, 100, 0.05, 0.0024099939750150626, 0.05, 0.0023599941000147498, 0.9895473882918702, nan
-4.285714285714283e-05, 0.0, 100, 7.75, 0.1888495278761803, 7.05, 0.17512706218234456, 0.012249802204762175, 0.1786344124159489
-4.285714285714283e-05, 1.4285714285714284e-09, 100, 7.7, 0.19208951977620056, 7.3, 0.18566703583241043, 0.09462847302039203, 0.2207703697064629
-4.285714285714283e-05, 2.8571428571428568e-09, 100, 7.6, 0.19666450833872914, 7.45, 0.1956945107637231, 0.17373149233154067, 0.2785344363090662
-4.285714285714283e-05, 4.285714285714285e-09, 100, 7.8, 0.2029594926012685, 7.7, 0.20035949910125225, 0.25531145008906775, 0.3438138422826709
-4.285714285714283e-05, 5.7142857142857136e-09, 100, 7.95, 0.20390699023252443, 7.7, 0.2016119959700101, 0.310245140640502, 0.400704312899945
-4.285714285714283e-05, 7.142857142857142e-09, 100, 7.9, 0.19712950717623207, 7.7, 0.1959370101574746, 0.410857064576676, 0.49752643996680435
-4.285714285714283e-05, 8.57142857142857e-09, 100, 8.35, 0.2014894962762593, 7.8, 0.1942545143637141, 0.42393511331415995, 0.5330585854068759
-4.285714285714283e-05, 9.999999999999999e-09, 100, 0.45, 0.011179972050069875, 0.4, 0.011202471993820016, 0.6386459381393175, nan
-1.0714285714285665e-05, 0.0, 100, 5.45, 0.11362221594446013, 5.1, 0.10877722805692985, 0.011491251671924425, 0.225499253662987
-1.0714285714285665e-05, 1.4285714285714284e-09, 100, 5.4, 0.11827970430073925, 5.2, 0.1111847220381949, 0.07029746481246192, 0.24447766965374476
-1.0714285714285665e-05, 2.8571428571428568e-09, 100, 5.6, 0.12403968990077525, 5.25, 0.11586221034447414, 0.15619311231604618, 0.29869270410962057
-1.0714285714285665e-05, 4.285714285714285e-09, 100, 5.65, 0.1288321779195552, 5.4, 0.11957220106949733, 0.22111685185335161, 0.3294480782249074
-1.0714285714285665e-05, 5.7142857142857136e-09, 100, 5.7, 0.12988467528831177, 5.5, 0.12298969252576869, 0.267011181471628, 0.36236824033940557
-1.0714285714285665e-05, 7.142857142857142e-09, 100, 5.8, 0.1328196679508301, 5.7, 0.12800467998830004, 0.34176297238438946, 0.4300615567683323
-1.0714285714285665e-05, 8.57142857142857e-09, 100, 6.0, 0.13422466443833891, 5.8, 0.13006967482581294, 0.4060902182402562, 0.4960439489097915
-1.0714285714285665e-05, 9.999999999999999e-09, 100, 6.0, 0.12984467538831154, 5.95, 0.12651968370079075, 0.424656557969226, 0.5410511300293598
2.1428571428571445e-05, 0.0, 100, 3.45, 0.0610723473191317, 3.25, 0.05924485188787028, -0.006203993789546836, 0.2847702947071635
2.1428571428571445e-05, 1.4285714285714284e-09, 100, 3.55, 0.06326484183789541, 3.3, 0.06047734880662799, 0.03078492707782754, 0.3132738997519742
2.1428571428571445e-05, 2.8571428571428568e-09, 100, 3.6, 0.06480983797540506, 3.4, 0.0634223414441464, 0.08686564049475776, 0.3250032664489563
2.1428571428571445e-05, 4.285714285714285e-09, 100, 3.6, 0.06625483436291409, 3.45, 0.06544733638165905, 0.12820372088603674, 0.3338067814065725
2.1428571428571445e-05, 5.7142857142857136e-09, 100, 3.6, 0.0677923305191737, 3.45, 0.06629233426916432, 0.18104692072482048, 0.35768365166456156
2.1428571428571445e-05, 7.142857142857142e-09, 100, 3.7, 0.07172482068794828, 3.75, 0.07175232061919845, 0.273020471578127, 0.4056287411934833
2.1428571428571445e-05, 8.57142857142857e-09, 100, 3.8, 0.07669980825047937, 3.85, 0.07524981187547031, 0.34328316531250497, 0.4510461845855829
2.1428571428571445e-05, 9.999999999999999e-09, 100, 3.95, 0.07817230456923857, 3.8, 0.07510231224421939, 0.3856056169675057, 0.4850411043759896
5.357142857142861e-05, 0.0, 100, 1.35, 0.017609955975110062, 0.9, 0.011987470031324922, 0.020881402897483615, 0.5221615969034968
5.357142857142861e-05, 1.4285714285714284e-09, 100, 1.35, 0.01805745485636286, 1.0, 0.012224969437576406, 0.024721815992149974, 0.523189442539755
5.357142857142861e-05, 2.8571428571428568e-09, 100, 1.4, 0.018557453606365983, 1.0, 0.013104967237581906, 0.026831502515593946, 0.5250605930211528
5.357142857142861e-05, 4.285714285714285e-09, 100, 1.4, 0.019217451956370108, 1.0, 0.013664965837585407, 0.05755775025378357, 0.5286862661398749
5.357142857142861e-05, 5.7142857142857136e-09, 100, 1.55, 0.02150244624388439, 1.1, 0.014547463631340922, 0.11298098823449351, 0.5312499050693039
5.357142857142861e-05, 7.142857142857142e-09, 100, 1.55, 0.02197744505638736, 1.05, 0.015292461768845578, 0.11777579351960013, 0.5299724760583058
5.357142857142861e-05, 8.57142857142857e-09, 100, 1.6, 0.02383494041264897, 1.2, 0.017637455906360233, 0.22647066758511025, 0.5581506709341115
5.357142857142861e-05, 9.999999999999999e-09, 100, 1.6, 0.02412493968765078, 1.35, 0.020322449193877015, 0.2810475141987337, 0.5753829719196262
8.571428571428578e-05, 0.0, 100, 0.05, 0.0006824982937542656, 0.05, 0.0007349981625045937, -0.0007087642870918082, 0.7566443896491832
8.571428571428578e-05, 1.4285714285714284e-09, 100, 0.05, 0.0007124982187544531, 0.05, 0.0007524981187547031, -0.0007327618278323039, 0.7560244849844137
8.571428571428578e-05, 2.8571428571428568e-09, 100, 0.05, 0.0007474981312546718, 0.05, 0.0007674980812547969, -0.0007580062853065914, 0.7551626975855601
8.571428571428578e-05, 4.285714285714285e-09, 100, 0.1, 0.0007774980562548593, 0.05, 0.0007849980375049063, -0.0007818498655364682, 0.7543071725939573
8.571428571428578e-05, 5.7142857142857136e-09, 100, 0.1, 0.0008299979250051875, 0.05, 0.000819997950005125, -0.0008256639569606589, 0.7536058802896148
8.571428571428578e-05, 7.142857142857142e-09, 100, 0.1, 0.0008574978562553594, 0.05, 0.0008949977625055937, -0.0008768154884421331, 0.753000901452018
8.571428571428578e-05, 8.57142857142857e-09, 100, 0.1, 0.000899997750005625, 0.05, 0.0009874975312561718, -0.0009436235683358849, 0.7524361933564567
8.571428571428578e-05, 9.999999999999999e-09, 100, 0.1, 0.000939997650005875, 0.05, 0.0010674973312566718, -0.0010027274976951302, 0.7518796701015444
0.00011785714285714288, 0.0, 100, 0.0, 0.0, 0.0, 0.0, nan, 0.806220626178185
0.00011785714285714288, 1.4285714285714284e-09, 100, 0.0, 0.0, 0.0, 0.0, nan, 0.8061361250268606
0.00011785714285714288, 2.8571428571428568e-09, 100, 0.0, 0.0, 0.0, 0.0, nan, 0.8060482776049158
0.00011785714285714288, 4.285714285714285e-09, 100, 0.0, 0.0, 0.0, 0.0, nan, 0.8059570799834975
0.00011785714285714288, 5.7142857142857136e-09, 100, 0.0, 0.0, 0.0, 0.0, nan, 0.8058629990100031
0.00011785714285714288, 7.142857142857142e-09, 100, 0.0, 0.0, 0.0, 0.0, nan, 0.8057652793345669
0.00011785714285714288, 8.57142857142857e-09, 100, 0.0, 0.0, 0.0, 0.0, nan, 0.8056640453540928
0.00011785714285714288, 9.999999999999999e-09, 100, 0.0, 0.0, 0.0, 0.0, nan, 0.8055595661432331
0.00015, 0.0, 100, 0.0, 0.0, 0.0, 0.0, nan, 0.8180762920822258
0.00015, 1.4285714285714284e-09, 100, 0.0, 0.0, 0.0, 0.0, nan, 0.8180951885945501
0.00015, 2.8571428571428568e-09, 100, 0.0, 0.0, 0.0, 0.0, nan, 0.8181139643562644
0.00015, 4.285714285714285e-09, 100, 0.0, 0.0, 0.0, 0.0, nan, 0.8181326331185794
0.00015, 5.7142857142857136e-09, 100, 0.0, 0.0, 0.0, 0.0, nan, 0.8181511392437442
0.00015, 7.142857142857142e-09, 100, 0.0, 0.0, 0.0, 0.0, nan, 0.8181695054699262
0.00015, 8.57142857142857e-09, 100, 0.0, 0.0, 0.0, 0.0, nan, 0.8181878483772718
0.00015, 9.999999999999999e-09, 100, 0.0, 0.0, 0.0, 0.0, nan, 0.8182061249261912
