tau,beta,gamma,frequency,up,down
0.2, 2.5000000000000002e-08, -0.00019999999999999998, 0.006666666666666667, 149.81418457665387, 0.0 
0.2, 2.5000000000000002e-08, -0.00015, 0.006666666666666667, 149.79620243891068, 0.0 
0.2, 2.5000000000000002e-08, -7.5e-05, 0.006666666666666667, 149.75923915577195, 0.0 
0.2, 2.5000000000000002e-08, 0.0, 0.35333333333333333, 1.1147040480669705, 1.7382541034879715 
0.2, 2.5000000000000002e-08, 7.5e-05, 0.02, 0.21645165801970045, 37.77547636014892 
0.2, 2.5000000000000002e-08, 0.00011499999999999999, 0.0, 0.0, 0.0 
0.2, 2.5000000000000002e-08, 0.00015, 0.0, 0.0, 0.0 
0.2, 2.5000000000000002e-08, 0.00019999999999999998, 0.0, 0.0, 0.0 
0.25, 2.5000000000000002e-08, -0.00019999999999999998, 0.006666666666666667, 149.81418457665387, 0.0 
0.25, 2.5000000000000002e-08, -0.00015, 0.006666666666666667, 149.79620243891068, 0.0 
0.25, 2.5000000000000002e-08, -7.5e-05, 0.006666666666666667, 149.76023816342433, 0.0 
0.25, 2.5000000000000002e-08, 0.0, 0.34, 0.9797326812229266, 1.9903029657207179 
0.25, 2.5000000000000002e-08, 7.5e-05, 0.02, 0.23709781616927186, 37.75299868796995 
0.25, 2.5000000000000002e-08, 0.00011499999999999999, 0.0, 0.0, 0.0 
0.25, 2.5000000000000002e-08, 0.00015, 0.0, 0.0, 0.0 
0.25, 2.5000000000000002e-08, 0.00019999999999999998, 0.0, 0.0, 0.0 
0.3, 2.5000000000000002e-08, -0.00019999999999999998, 0.006666666666666667, 149.81418457665387, 0.0 
0.3, 2.5000000000000002e-08, -0.00015, 0.006666666666666667, 149.79620243891068, 0.0 
0.3, 2.5000000000000002e-08, -7.5e-05, 0.006666666666666667, 149.76023816342433, 0.0 
0.3, 2.5000000000000002e-08, 0.0, 0.34, 1.0491735072573007, 1.9197530453083271 
0.3, 2.5000000000000002e-08, 7.5e-05, 0.03333333333333333, 0.1930082784434129, 19.486893019600533 
0.3, 2.5000000000000002e-08, 0.00011499999999999999, 0.0, 0.0, 0.0 
0.3, 2.5000000000000002e-08, 0.00015, 0.0, 0.0, 0.0 
0.3, 2.5000000000000002e-08, 0.00019999999999999998, 0.0, 0.0, 0.0 
0.35000000000000003, 2.5000000000000002e-08, -0.00019999999999999998, 0.006666666666666667, 149.81518358430625, 0.0 
0.35000000000000003, 2.5000000000000002e-08, -0.00015, 0.006666666666666667, 149.7972014465631, 0.0 
0.35000000000000003, 2.5000000000000002e-08, -7.5e-05, 0.006666666666666667, 149.76023816342433, 0.0 
0.35000000000000003, 2.5000000000000002e-08, 0.0, 0.3, 1.1418435465215664, 2.2300575367861866 
0.35000000000000003, 2.5000000000000002e-08, 7.5e-05, 0.03333333333333333, 0.2275739432164051, 19.455674030463076 
0.35000000000000003, 2.5000000000000002e-08, 0.00011499999999999999, 0.0, 0.0, 0.0 
0.35000000000000003, 2.5000000000000002e-08, 0.00015, 0.0, 0.0, 0.0 
0.35000000000000003, 2.5000000000000002e-08, 0.00019999999999999998, 0.0, 0.0, 0.0 
0.4, 2.5000000000000002e-08, -0.00019999999999999998, 0.006666666666666667, 149.81518358430625, 0.0 
0.4, 2.5000000000000002e-08, -0.00015, 0.006666666666666667, 149.7972014465631, 0.0 
0.4, 2.5000000000000002e-08, -7.5e-05, 0.006666666666666667, 149.76023816342433, 0.0 
0.4, 2.5000000000000002e-08, 0.0, 0.29333333333333333, 1.1250869590751975, 2.325782745728391 
0.4, 2.5000000000000002e-08, 7.5e-05, 0.03333333333333333, 0.2515501268739719, 19.43069883915311 
0.4, 2.5000000000000002e-08, 0.00011499999999999999, 0.0, 0.0, 0.0 
0.4, 2.5000000000000002e-08, 0.00015, 0.0, 0.0, 0.0 
0.4, 2.5000000000000002e-08, 0.00019999999999999998, 0.0, 0.0, 0.0 
0.8, 2.5000000000000002e-08, -0.00019999999999999998, 0.006666666666666667, 149.81518358430625, 0.0 
0.8, 2.5000000000000002e-08, -0.00015, 0.006666666666666667, 149.7972014465631, 0.0 
0.8, 2.5000000000000002e-08, -7.5e-05, 0.013333333333333334, 74.81318556900146, 0.13386702542141474 
0.8, 2.5000000000000002e-08, 0.0, 0.23333333333333334, 1.6635475427741777, 2.6859202212077182 
0.8, 2.5000000000000002e-08, 7.5e-05, 0.04, 0.47136511065674774, 15.24765399702962 
0.8, 2.5000000000000002e-08, 0.00011499999999999999, 0.0, 0.0, 0.0 
0.8, 2.5000000000000002e-08, 0.00015, 0.0, 0.0, 0.0 
0.8, 2.5000000000000002e-08, 0.00019999999999999998, 0.0, 0.0, 0.0 
1.2, 2.5000000000000002e-08, -0.00019999999999999998, 0.006666666666666667, 149.81418457665387, 0.0 
1.2, 2.5000000000000002e-08, -0.00015, 0.006666666666666667, 149.7972014465631, 0.0 
1.2, 2.5000000000000002e-08, -7.5e-05, 0.013333333333333334, 74.77022823994832, 0.21978168352769584 
1.2, 2.5000000000000002e-08, 0.0, 0.19333333333333333, 1.8456838620763145, 3.4341601628097043 
1.2, 2.5000000000000002e-08, 7.5e-05, 0.02666666666666667, 0.6900645358943449, 24.58124929236958 
1.2, 2.5000000000000002e-08, 0.00011499999999999999, 0.0, 0.0, 0.0 
1.2, 2.5000000000000002e-08, 0.00015, 0.0, 0.0, 0.0 
1.2, 2.5000000000000002e-08, 0.00019999999999999998, 0.0, 0.0, 0.0 
1.6, 2.5000000000000002e-08, -0.00019999999999999998, 0.006666666666666667, 149.81418457665387, 0.0 
1.6, 2.5000000000000002e-08, -0.00015, 0.006666666666666667, 149.7972014465631, 0.0 
1.6, 2.5000000000000002e-08, -7.5e-05, 0.013333333333333334, 74.70928877315201, 0.34066160946792856 
1.6, 2.5000000000000002e-08, 0.0, 0.18, 2.1070921403257947, 3.479044149478185 
1.6, 2.5000000000000002e-08, 7.5e-05, 0.02666666666666667, 0.7729821710434303, 24.48967359089971 
1.6, 2.5000000000000002e-08, 0.00011499999999999999, 0.0, 0.0, 0.0 
1.6, 2.5000000000000002e-08, 0.00015, 0.0, 0.0, 0.0 
1.6, 2.5000000000000002e-08, 0.00019999999999999998, 0.0, 0.0, 0.0 
0.2, 3.3333333333333334e-08, -0.00019999999999999998, 0.006666666666666667, 149.80319549247747, 0.0 
0.2, 3.3333333333333334e-08, -0.00015, 0.006666666666666667, 149.7852133547343, 0.0 
0.2, 3.3333333333333334e-08, -7.5e-05, 0.08, 12.09024036124117, 0.42421497675944936 
0.2, 3.3333333333333334e-08, 0.0, 0.34, 0.4308857123492625, 2.534062830921285 
0.2, 3.3333333333333334e-08, 7.5e-05, 0.02, 0.15351417591858754, 37.84590639964302 
0.2, 3.3333333333333334e-08, 0.00011499999999999999, 0.0, 0.0, 0.0 
0.2, 3.3333333333333334e-08, 0.00015, 0.0, 0.0, 0.0 
0.2, 3.3333333333333334e-08, 0.00019999999999999998, 0.0, 0.0, 0.0 
0.25, 3.3333333333333334e-08, -0.00019999999999999998, 0.006666666666666667, 149.80419450012988, 0.0 
0.25, 3.3333333333333334e-08, -0.00015, 0.006666666666666667, 149.7872113700391, 0.0 
0.25, 3.3333333333333334e-08, -7.5e-05, 0.10666666666666667, 8.954792406209833, 0.43143810481588285 
0.25, 3.3333333333333334e-08, 0.0, 0.34, 0.4434418673529392, 2.521834977255926 
0.25, 3.3333333333333334e-08, 7.5e-05, 0.02, 0.18648142844774193, 37.80794410885188 
0.25, 3.3333333333333334e-08, 0.00011499999999999999, 0.0, 0.0, 0.0 
0.25, 3.3333333333333334e-08, 0.00015, 0.0, 0.0, 0.0 
0.25, 3.3333333333333334e-08, 0.00019999999999999998, 0.0, 0.0, 0.0 
0.3, 3.3333333333333334e-08, -0.00019999999999999998, 0.006666666666666667, 149.80419450012988, 0.0 
0.3, 3.3333333333333334e-08, -0.00015, 0.006666666666666667, 149.7862123623867, 0.0 
0.3, 3.3333333333333334e-08, -7.5e-05, 0.12666666666666668, 7.2305019119604355, 0.6870952631497158 
0.3, 3.3333333333333334e-08, 0.0, 0.32666666666666666, 0.4737131184384055, 2.6152147200447557 
0.3, 3.3333333333333334e-08, 7.5e-05, 0.02, 0.2074605891481129, 37.78496693284671 
0.3, 3.3333333333333334e-08, 0.00011499999999999999, 0.0, 0.0, 0.0 
0.3, 3.3333333333333334e-08, 0.00015, 0.0, 0.0, 0.0 
0.3, 3.3333333333333334e-08, 0.00019999999999999998, 0.0, 0.0, 0.0 
0.35000000000000003, 3.3333333333333334e-08, -0.00019999999999999998, 0.006666666666666667, 149.80419450012988, 0.0 
0.35000000000000003, 3.3333333333333334e-08, -0.00015, 0.006666666666666667, 149.7862123623867, 0.0 
0.35000000000000003, 3.3333333333333334e-08, -7.5e-05, 0.14, 6.478469482219091, 0.6848197457192523 
0.35000000000000003, 3.3333333333333334e-08, 0.0, 0.31333333333333335, 0.5001414906582865, 2.7233165779962922 
0.35000000000000003, 3.3333333333333334e-08, 7.5e-05, 0.02, 0.22244570393409213, 37.76898281040833 
0.35000000000000003, 3.3333333333333334e-08, 0.00011499999999999999, 0.0, 0.0, 0.0 
0.35000000000000003, 3.3333333333333334e-08, 0.00015, 0.0, 0.0, 0.0 
0.35000000000000003, 3.3333333333333334e-08, 0.00019999999999999998, 0.0, 0.0, 0.0 
0.4, 3.3333333333333334e-08, -0.00019999999999999998, 0.006666666666666667, 149.80419450012988, 0.0 
0.4, 3.3333333333333334e-08, -0.00015, 0.006666666666666667, 149.7862123623867, 0.0 
0.4, 3.3333333333333334e-08, -7.5e-05, 0.14666666666666667, 6.099622859474741, 0.7405025293922323 
0.4, 3.3333333333333334e-08, 0.0, 0.30666666666666664, 0.5375747047787605, 2.757394321640504 
0.4, 3.3333333333333334e-08, 7.5e-05, 0.02, 0.23676481361847235, 37.753498191796155 
0.4, 3.3333333333333334e-08, 0.00011499999999999999, 0.0, 0.0, 0.0 
0.4, 3.3333333333333334e-08, 0.00015, 0.0, 0.0, 0.0 
0.4, 3.3333333333333334e-08, 0.00019999999999999998, 0.0, 0.0, 0.0 
0.8, 3.3333333333333334e-08, -0.00019999999999999998, 0.006666666666666667, 149.8051935077823, 0.0 
0.8, 3.3333333333333334e-08, -0.00015, 0.006666666666666667, 149.7862123623867, 0.0 
0.8, 3.3333333333333334e-08, -7.5e-05, 0.14666666666666667, 5.43587309333335, 1.4358118554616703 
0.8, 3.3333333333333334e-08, 0.0, 0.24666666666666667, 0.8096282017520255, 3.318953173181307 
0.8, 3.3333333333333334e-08, 7.5e-05, 0.03333333333333333, 0.36124116710734, 19.290588015904202 
0.8, 3.3333333333333334e-08, 0.00011499999999999999, 0.0, 0.0, 0.0 
0.8, 3.3333333333333334e-08, 0.00015, 0.0, 0.0, 0.0 
0.8, 3.3333333333333334e-08, 0.00019999999999999998, 0.0, 0.0, 0.0 
1.2, 3.3333333333333334e-08, -0.00019999999999999998, 0.006666666666666667, 149.80419450012988, 0.0 
1.2, 3.3333333333333334e-08, -0.00015, 0.006666666666666667, 149.7852133547343, 0.0 
1.2, 3.3333333333333334e-08, -7.5e-05, 0.15333333333333332, 4.712840317748139, 1.8794512602330173 
1.2, 3.3333333333333334e-08, 0.0, 0.22666666666666666, 1.0372931515478938, 3.4605625079088114 
1.2, 3.3333333333333334e-08, 7.5e-05, 0.02666666666666667, 0.474029131063144, 24.839659271790026 
1.2, 3.3333333333333334e-08, 0.00011499999999999999, 0.0, 0.0, 0.0 
1.2, 3.3333333333333334e-08, 0.00015, 0.0, 0.0, 0.0 
1.2, 3.3333333333333334e-08, 0.00019999999999999998, 0.0, 0.0, 0.0 
1.6, 3.3333333333333334e-08, -0.00019999999999999998, 0.006666666666666667, 149.80419450012988, 0.0 
1.6, 3.3333333333333334e-08, -0.00015, 0.006666666666666667, 149.7852133547343, 0.0 
1.6, 3.3333333333333334e-08, -7.5e-05, 0.12666666666666668, 5.846771154688097, 2.147477949681095 
1.6, 3.3333333333333334e-08, 0.0, 0.21333333333333335, 1.1848855137230352, 3.6003591271380113 
1.6, 3.3333333333333334e-08, 7.5e-05, 0.03333333333333333, 0.5266768343445511, 18.46141166441335 
1.6, 3.3333333333333334e-08, 0.00011499999999999999, 0.0, 0.0, 0.0 
1.6, 3.3333333333333334e-08, 0.00015, 0.0, 0.0, 0.0 
1.6, 3.3333333333333334e-08, 0.00019999999999999998, 0.0, 0.0, 0.0 
0.2, 3.7037037037037036e-08, -0.00019999999999999998, 0.006666666666666667, 149.7991994618679, 0.0 
0.2, 3.7037037037037036e-08, -0.00015, 0.006666666666666667, 149.7822163317771, 0.0 
0.2, 3.7037037037037036e-08, -7.5e-05, 0.32, 2.478975051448894, 0.6542649903932306 
0.2, 3.7037037037037036e-08, 0.0, 0.3466666666666667, 0.35074774442003, 2.5572441179017082 
0.2, 3.7037037037037036e-08, 7.5e-05, 0.02, 0.11022384431464745, 37.89485777461056 
0.2, 3.7037037037037036e-08, 0.00011499999999999999, 0.0, 0.0, 0.0 
0.2, 3.7037037037037036e-08, 0.00015, 0.0, 0.0, 0.0 
0.2, 3.7037037037037036e-08, 0.00019999999999999998, 0.0, 0.0, 0.0 
0.25, 3.7037037037037036e-08, -0.00019999999999999998, 0.006666666666666667, 149.80119747717268, 0.0 
0.25, 3.7037037037037036e-08, -0.00015, 0.006666666666666667, 149.78321533942952, 0.0 
0.25, 3.7037037037037036e-08, -7.5e-05, 0.32666666666666666, 2.2999194949343518, 0.7715669102025323 
0.25, 3.7037037037037036e-08, 0.0, 0.34, 0.3745103393374346, 2.591605671699446 
0.25, 3.7037037037037036e-08, 7.5e-05, 0.02, 0.16117323458697694, 37.836415826945235 
0.25, 3.7037037037037036e-08, 0.00011499999999999999, 0.0, 0.0, 0.0 
0.25, 3.7037037037037036e-08, 0.00015, 0.0, 0.0, 0.0 
0.25, 3.7037037037037036e-08, 0.00019999999999999998, 0.0, 0.0, 0.0 
0.3, 3.7037037037037036e-08, -0.00019999999999999998, 0.006666666666666667, 149.80119747717268, 0.0 
0.3, 3.7037037037037036e-08, -0.00015, 0.006666666666666667, 149.78321533942952, 0.0 
0.3, 3.7037037037037036e-08, -7.5e-05, 0.35333333333333333, 2.1895043376409626, 0.6471072068412045 
0.3, 3.7037037037037036e-08, 0.0, 0.31333333333333335, 0.41208002887344664, 2.8116853201182472 
0.3, 3.7037037037037036e-08, 7.5e-05, 0.02, 0.18714743354934102, 37.80744460502568 
0.3, 3.7037037037037036e-08, 0.00011499999999999999, 0.0, 0.0, 0.0 
0.3, 3.7037037037037036e-08, 0.00015, 0.0, 0.0, 0.0 
0.3, 3.7037037037037036e-08, 0.00019999999999999998, 0.0, 0.0, 0.0 
0.35000000000000003, 3.7037037037037036e-08, -0.00019999999999999998, 0.006666666666666667, 149.80119747717268, 0.0 
0.35000000000000003, 3.7037037037037036e-08, -0.00015, 0.006666666666666667, 149.7822163317771, 0.0 
0.35000000000000003, 3.7037037037037036e-08, -7.5e-05, 0.34, 2.1607164334408213, 0.7870581888657268 
0.35000000000000003, 3.7037037037037036e-08, 0.0, 0.31333333333333335, 0.43807548331777674, 2.785732838713545 
0.35000000000000003, 3.7037037037037036e-08, 7.5e-05, 0.02, 0.20546257384331565, 37.787464451977705 
0.35000000000000003, 3.7037037037037036e-08, 0.00011499999999999999, 0.0, 0.0, 0.0 
0.35000000000000003, 3.7037037037037036e-08, 0.00015, 0.0, 0.0, 0.0 
0.35000000000000003, 3.7037037037037036e-08, 0.00019999999999999998, 0.0, 0.0, 0.0 
0.4, 3.7037037037037036e-08, -0.00019999999999999998, 0.006666666666666667, 149.8001984695203, 0.0 
0.4, 3.7037037037037036e-08, -0.00015, 0.006666666666666667, 149.7822163317771, 0.0 
0.4, 3.7037037037037036e-08, -7.5e-05, 0.3466666666666667, 2.0435854230951103, 0.8511741082289631 
0.4, 3.7037037037037036e-08, 0.0, 0.31333333333333335, 0.46506994541450525, 2.7588682198870864 
0.4, 3.7037037037037036e-08, 7.5e-05, 0.02, 0.21878267587529723, 37.772978841017924 
0.4, 3.7037037037037036e-08, 0.00011499999999999999, 0.0, 0.0, 0.0 
0.4, 3.7037037037037036e-08, 0.00015, 0.0, 0.0, 0.0 
0.4, 3.7037037037037036e-08, 0.00019999999999999998, 0.0, 0.0, 0.0 
0.8, 3.7037037037037036e-08, -0.00019999999999999998, 0.006666666666666667, 149.80119747717268, 0.0 
0.8, 3.7037037037037036e-08, -0.00015, 0.013333333333333334, 74.2747204443586, 1.2317764354074954 
0.8, 3.7037037037037036e-08, -7.5e-05, 0.3, 1.9907114488496989, 1.3663473071294634 
0.8, 3.7037037037037036e-08, 0.0, 0.26, 0.6809133696425653, 3.2248755709679267 
0.8, 3.7037037037037036e-08, 7.5e-05, 0.02666666666666667, 0.27322859293102186, 25.06110596807172 
0.8, 3.7037037037037036e-08, 0.00011499999999999999, 0.0, 0.0, 0.0 
0.8, 3.7037037037037036e-08, 0.00015, 0.0, 0.0, 0.0 
0.8, 3.7037037037037036e-08, 0.00019999999999999998, 0.0, 0.0, 0.0 
1.2, 3.7037037037037036e-08, -0.00019999999999999998, 0.006666666666666667, 149.8001984695203, 0.0 
1.2, 3.7037037037037036e-08, -0.00015, 0.013333333333333334, 74.26373136018222, 1.2527555961078662 
1.2, 3.7037037037037036e-08, -7.5e-05, 0.23333333333333334, 2.4293868091029576, 1.9028157520392488 
1.2, 3.7037037037037036e-08, 0.0, 0.21333333333333335, 0.9172763388367555, 3.8738938675754127 
1.2, 3.7037037037037036e-08, 7.5e-05, 0.02666666666666667, 0.44805493210077996, 24.862303445244393 
1.2, 3.7037037037037036e-08, 0.00011499999999999999, 0.0, 0.0, 0.0 
1.2, 3.7037037037037036e-08, 0.00015, 0.0, 0.0, 0.0 
1.2, 3.7037037037037036e-08, 0.00019999999999999998, 0.0, 0.0, 0.0 
1.6, 3.7037037037037036e-08, -0.00019999999999999998, 0.006666666666666667, 149.8001984695203, 0.0 
1.6, 3.7037037037037036e-08, -0.00015, 0.013333333333333334, 74.25024475687485, 1.279728802722629 
1.6, 3.7037037037037036e-08, -7.5e-05, 0.23333333333333334, 2.2791075151064235, 2.0581908245652456 
1.6, 3.7037037037037036e-08, 0.0, 0.2, 1.0747657327055127, 4.04257058678035 
1.6, 3.7037037037037036e-08, 7.5e-05, 0.02666666666666667, 0.4907625092408208, 24.829336192715243 
1.6, 3.7037037037037036e-08, 0.00011499999999999999, 0.0, 0.0, 0.0 
1.6, 3.7037037037037036e-08, 0.00015, 0.0, 0.0, 0.0 
1.6, 3.7037037037037036e-08, 0.00019999999999999998, 0.0, 0.0, 0.0 
0.2, 4.3478260869565225e-08, -0.00019999999999999998, 0.006666666666666667, 149.7932054159535, 0.0 
0.2, 4.3478260869565225e-08, -0.00015, 0.03333333333333333, 29.869929203657705, 0.10664406689355241 
0.2, 4.3478260869565225e-08, -7.5e-05, 0.7266666666666667, 0.719193857648803, 0.660325558093775 
0.2, 4.3478260869565225e-08, 0.0, 0.32, 0.267380235632605, 2.8893001745925297 
0.2, 4.3478260869565225e-08, 7.5e-05, 0.013333333333333334, 0.06493549740591013, 75.90659944455174 
0.2, 4.3478260869565225e-08, 0.00011499999999999999, 0.0, 0.0, 0.0 
0.2, 4.3478260869565225e-08, 0.00015, 0.0, 0.0, 0.0 
0.2, 4.3478260869565225e-08, 0.00019999999999999998, 0.0, 0.0, 0.0 
0.25, 4.3478260869565225e-08, -0.00019999999999999998, 0.006666666666666667, 149.7942044236059, 0.0 
0.25, 4.3478260869565225e-08, -0.00015, 0.04, 24.667663454302062, 0.35424811354054975 
0.25, 4.3478260869565225e-08, -7.5e-05, 0.6466666666666666, 0.6935069926759351, 0.8588343911714365 
0.25, 4.3478260869565225e-08, 0.0, 0.3333333333333333, 0.3029990209725007, 2.724558910937584 
0.25, 4.3478260869565225e-08, 7.5e-05, 0.013333333333333334, 0.15085015551219122, 75.80869669461669 
0.25, 4.3478260869565225e-08, 0.00011499999999999999, 0.0, 0.0, 0.0 
0.25, 4.3478260869565225e-08, 0.00015, 0.0, 0.0, 0.0 
0.25, 4.3478260869565225e-08, 0.00019999999999999998, 0.0, 0.0, 0.0 
0.3, 4.3478260869565225e-08, -0.00019999999999999998, 0.006666666666666667, 149.7952034312583, 0.0 
0.3, 4.3478260869565225e-08, -0.00015, 0.04666666666666667, 21.04480977467145, 0.4105921451358318 
0.3, 4.3478260869565225e-08, -7.5e-05, 0.62, 0.6941062200794524, 0.9260040823217055 
0.3, 4.3478260869565225e-08, 0.0, 0.32, 0.33845546756888156, 2.8175629229575216 
0.3, 4.3478260869565225e-08, 7.5e-05, 0.02, 0.1455221146993986, 37.85539697234081 
0.3, 4.3478260869565225e-08, 0.00011499999999999999, 0.0, 0.0, 0.0 
0.3, 4.3478260869565225e-08, 0.00015, 0.0, 0.0, 0.0 
0.3, 4.3478260869565225e-08, 0.00019999999999999998, 0.0, 0.0, 0.0 
0.35000000000000003, 4.3478260869565225e-08, -0.00019999999999999998, 0.006666666666666667, 149.7952034312583, 0.0 
0.35000000000000003, 4.3478260869565225e-08, -0.00015, 0.04666666666666667, 20.981586861812506, 0.4841857088625299 
0.35000000000000003, 4.3478260869565225e-08, -7.5e-05, 0.6066666666666667, 0.6852863152272406, 0.9607012589716436 
0.35000000000000003, 4.3478260869565225e-08, 0.0, 0.30666666666666664, 0.3707404268281912, 2.925205407073418 
0.35000000000000003, 4.3478260869565225e-08, 7.5e-05, 0.02, 0.17282832386496083, 37.823428727464055 
0.35000000000000003, 4.3478260869565225e-08, 0.00011499999999999999, 0.0, 0.0, 0.0 
0.35000000000000003, 4.3478260869565225e-08, 0.00015, 0.0, 0.0, 0.0 
0.35000000000000003, 4.3478260869565225e-08, 0.00019999999999999998, 0.0, 0.0, 0.0 
0.4, 4.3478260869565225e-08, -0.00019999999999999998, 0.006666666666666667, 149.7942044236059, 0.0 
0.4, 4.3478260869565225e-08, -0.00015, 0.05333333333333334, 18.336535707863526, 0.44041965932887617 
0.4, 4.3478260869565225e-08, -7.5e-05, 0.54, 0.8324077095763887, 1.017988797794191 
0.4, 4.3478260869565225e-08, 0.0, 0.3, 0.3966282381723044, 2.974159304787548 
0.4, 4.3478260869565225e-08, 7.5e-05, 0.02, 0.19114346415893546, 37.80344857441608 
0.4, 4.3478260869565225e-08, 0.00011499999999999999, 0.0, 0.0, 0.0 
0.4, 4.3478260869565225e-08, 0.00015, 0.0, 0.0, 0.0 
0.4, 4.3478260869565225e-08, 0.00019999999999999998, 0.0, 0.0, 0.0 
0.8, 4.3478260869565225e-08, -0.00019999999999999998, 0.013333333333333334, 74.85714190570701, 0.07892160453949078 
0.8, 4.3478260869565225e-08, -0.00015, 0.09333333333333334, 9.978088432157392, 0.7752299382613271 
0.8, 4.3478260869565225e-08, -7.5e-05, 0.4066666666666667, 1.01070095508407, 1.464695069564233 
0.8, 4.3478260869565225e-08, 0.0, 0.24, 0.5745959014046047, 3.6635323198004266 
0.8, 4.3478260869565225e-08, 7.5e-05, 0.02, 0.27938914012081334, 37.70404731300242 
0.8, 4.3478260869565225e-08, 0.00011499999999999999, 0.0, 0.0, 0.0 
0.8, 4.3478260869565225e-08, 0.00015, 0.0, 0.0, 0.0 
0.8, 4.3478260869565225e-08, 0.00019999999999999998, 0.0, 0.0, 0.0 
1.2, 4.3478260869565225e-08, -0.00019999999999999998, 0.013333333333333334, 74.283212009404, 1.2257823894931037 
1.2, 4.3478260869565225e-08, -0.00015, 0.10666666666666667, 8.4909406656055, 0.9276785060173564 
1.2, 4.3478260869565225e-08, -7.5e-05, 0.31333333333333335, 1.352039952370716, 1.8694039283297432 
1.2, 4.3478260869565225e-08, 0.0, 0.22, 0.7601540045978571, 3.876493100187148 
1.2, 4.3478260869565225e-08, 7.5e-05, 0.02666666666666667, 0.4040985953952408, 24.89959973093394 
1.2, 4.3478260869565225e-08, 0.00011499999999999999, 0.0, 0.0, 0.0 
1.2, 4.3478260869565225e-08, 0.00015, 0.0, 0.0, 0.0 
1.2, 4.3478260869565225e-08, 0.00019999999999999998, 0.0, 0.0, 0.0 
1.6, 4.3478260869565225e-08, -0.00019999999999999998, 0.013333333333333334, 74.2752199481848, 1.2417665119314816 
1.6, 4.3478260869565225e-08, -0.00015, 0.1, 8.75157343705253, 1.3211876202971715 
1.6, 4.3478260869565225e-08, -7.5e-05, 0.2866666666666667, 1.6220631691899225, 1.9037755829209655 
1.6, 4.3478260869565225e-08, 0.0, 0.20666666666666667, 0.834235841859452, 4.119208253135219 
1.6, 4.3478260869565225e-08, 7.5e-05, 0.02666666666666667, 0.4513017069710754, 24.86463446309999 
1.6, 4.3478260869565225e-08, 0.00011499999999999999, 0.0, 0.0, 0.0 
1.6, 4.3478260869565225e-08, 0.00015, 0.0, 0.0, 0.0 
1.6, 4.3478260869565225e-08, 0.00019999999999999998, 0.0, 0.0, 0.0 
0.2, 5.0000000000000004e-08, -0.00019999999999999998, 0.006666666666666667, 149.7882103776915, 0.0 
0.2, 5.0000000000000004e-08, -0.00015, 0.17333333333333334, 5.436253834012062, 0.33726498344977324 
0.2, 5.0000000000000004e-08, -7.5e-05, 0.84, 0.3833652222918886, 0.8104349679318543 
0.2, 5.0000000000000004e-08, 0.0, 0.30666666666666664, 0.22573229432676584, 3.071726529425216 
0.2, 5.0000000000000004e-08, 7.5e-05, 0.0, 0.0, 0.0 
0.2, 5.0000000000000004e-08, 0.00011499999999999999, 0.0, 0.0, 0.0 
0.2, 5.0000000000000004e-08, 0.00015, 0.0, 0.0, 0.0 
0.2, 5.0000000000000004e-08, 0.00019999999999999998, 0.0, 0.0, 0.0 
0.25, 5.0000000000000004e-08, -0.00019999999999999998, 0.013333333333333334, 74.81318556900146, 0.16283824734097463 
0.25, 5.0000000000000004e-08, -0.00015, 0.22666666666666666, 4.06540287628015, 0.3499856808903157 
0.25, 5.0000000000000004e-08, -7.5e-05, 0.7533333333333333, 0.40823165802795186, 0.9246351005620133 
0.25, 5.0000000000000004e-08, 0.0, 0.3, 0.260363594385133, 3.111704494747339 
0.25, 5.0000000000000004e-08, 7.5e-05, 0.013333333333333334, 0.05944095531771774, 75.91259349046614 
0.25, 5.0000000000000004e-08, 0.00011499999999999999, 0.0, 0.0, 0.0 
0.25, 5.0000000000000004e-08, 0.00015, 0.0, 0.0, 0.0 
0.25, 5.0000000000000004e-08, 0.00019999999999999998, 0.0, 0.0, 0.0 
0.3, 5.0000000000000004e-08, -0.00019999999999999998, 0.02666666666666667, 37.34715182918301, 0.1335340228706152 
0.3, 5.0000000000000004e-08, -0.00015, 0.26, 3.3589711143341208, 0.49393041508592705 
0.3, 5.0000000000000004e-08, -7.5e-05, 0.7066666666666667, 0.4219582133319897, 0.9999305451822617 
0.3, 5.0000000000000004e-08, 0.0, 0.2866666666666667, 0.2923607511112605, 3.2399483180041164 
0.3, 5.0000000000000004e-08, 7.5e-05, 0.013333333333333334, 0.12087992594023271, 75.85764806958422 
0.3, 5.0000000000000004e-08, 0.00011499999999999999, 0.0, 0.0, 0.0 
0.3, 5.0000000000000004e-08, 0.00015, 0.0, 0.0, 0.0 
0.3, 5.0000000000000004e-08, 0.00019999999999999998, 0.0, 0.0, 0.0 
0.35000000000000003, 5.0000000000000004e-08, -0.00019999999999999998, 0.02666666666666667, 37.075421747730594, 0.4961738006913133 
0.35000000000000003, 5.0000000000000004e-08, -0.00015, 0.32666666666666666, 2.567266175462986, 0.499337324923909 
0.35000000000000003, 5.0000000000000004e-08, -7.5e-05, 0.6733333333333333, 0.42443977596115917, 1.0588082504711986 
0.35000000000000003, 5.0000000000000004e-08, 0.0, 0.2866666666666667, 0.3221218860582984, 3.209882944846215 
0.35000000000000003, 5.0000000000000004e-08, 7.5e-05, 0.02, 0.1275399769562235, 37.875876629214986 
0.35000000000000003, 5.0000000000000004e-08, 0.00011499999999999999, 0.0, 0.0, 0.0 
0.35000000000000003, 5.0000000000000004e-08, 0.00015, 0.0, 0.0, 0.0 
0.35000000000000003, 5.0000000000000004e-08, 0.00019999999999999998, 0.0, 0.0, 0.0 
0.4, 5.0000000000000004e-08, -0.00019999999999999998, 0.03333333333333333, 29.643354268093695, 0.39310951121885596 
0.4, 5.0000000000000004e-08, -0.00015, 0.32666666666666666, 2.5455938257793176, 0.5212530552984037 
0.4, 5.0000000000000004e-08, -7.5e-05, 0.58, 0.4998023802103704, 1.2243535762228128 
0.4, 5.0000000000000004e-08, 0.0, 0.3, 0.3426152244326192, 3.028696040720763 
0.4, 5.0000000000000004e-08, 7.5e-05, 0.02, 0.15617819632498384, 37.84340888051203 
0.4, 5.0000000000000004e-08, 0.00011499999999999999, 0.0, 0.0, 0.0 
0.4, 5.0000000000000004e-08, 0.00015, 0.0, 0.0, 0.0 
0.4, 5.0000000000000004e-08, 0.00019999999999999998, 0.0, 0.0, 0.0 
0.8, 5.0000000000000004e-08, -0.00019999999999999998, 0.05333333333333334, 18.27459723341481, 0.5126336410594048 
0.8, 5.0000000000000004e-08, -0.00015, 0.30666666666666664, 2.409106953759266, 0.8653848288477889 
0.8, 5.0000000000000004e-08, -7.5e-05, 0.41333333333333333, 0.7091826420164573, 1.7244673569609381 
0.8, 5.0000000000000004e-08, 0.0, 0.24, 0.5005028338517074, 3.7374874291537075 
0.8, 5.0000000000000004e-08, 7.5e-05, 0.02, 0.24608888504085943, 37.74400761909837 
0.8, 5.0000000000000004e-08, 0.00011499999999999999, 0.0, 0.0, 0.0 
0.8, 5.0000000000000004e-08, 0.00015, 0.0, 0.0, 0.0 
0.8, 5.0000000000000004e-08, 0.00019999999999999998, 0.0, 0.0, 0.0 
1.2, 5.0000000000000004e-08, -0.00019999999999999998, 0.06666666666666667, 14.222472344138158, 0.8399434339667043 
1.2, 5.0000000000000004e-08, -0.00015, 0.2866666666666667, 2.3178139172453043, 1.1722641224003203 
1.2, 5.0000000000000004e-08, -7.5e-05, 0.3466666666666667, 0.9319780812597949, 1.9811888817891876 
1.2, 5.0000000000000004e-08, 0.0, 0.21333333333333335, 0.670927295553084, 4.116201562362032 
1.2, 5.0000000000000004e-08, 7.5e-05, 0.02, 0.3266755023343479, 37.6486023882943 
1.2, 5.0000000000000004e-08, 0.00011499999999999999, 0.0, 0.0, 0.0 
1.2, 5.0000000000000004e-08, 0.00015, 0.0, 0.0, 0.0 
1.2, 5.0000000000000004e-08, 0.00019999999999999998, 0.0, 0.0, 0.0 
1.6, 5.0000000000000004e-08, -0.00019999999999999998, 0.06666666666666667, 13.943049903762263, 1.1504128121621413 
1.6, 5.0000000000000004e-08, -0.00015, 0.25333333333333335, 2.6132462806244043, 1.3635914451104694 
1.6, 5.0000000000000004e-08, -7.5e-05, 0.29333333333333333, 1.1779435457748337, 2.2721151253320926 
1.6, 5.0000000000000004e-08, 0.0, 0.19333333333333333, 0.7613127282072224, 4.5454134607242525 
1.6, 5.0000000000000004e-08, 7.5e-05, 0.02, 0.5464571858620437, 37.35089810787951 
1.6, 5.0000000000000004e-08, 0.00011499999999999999, 0.0, 0.0, 0.0 
1.6, 5.0000000000000004e-08, 0.00015, 0.0, 0.0, 0.0 
1.6, 5.0000000000000004e-08, 0.00019999999999999998, 0.0, 0.0, 0.0 
0.2, 7.500000000000001e-08, -0.00019999999999999998, 1.2133333333333334, 0.4669043402235099, 0.35615450714904967 
0.2, 7.500000000000001e-08, -0.00015, 1.1933333333333334, 0.25379817314428565, 0.5847281587929772 
0.2, 7.500000000000001e-08, -7.5e-05, 0.76, 0.20876630967624793, 1.1124878490905525 
0.2, 7.500000000000001e-08, 0.0, 0.16, 0.14019407388660599, 6.312208134123004 
0.2, 7.500000000000001e-08, 7.5e-05, 0.0, 0.0, 0.0 
0.2, 7.500000000000001e-08, 0.00011499999999999999, 0.0, 0.0, 0.0 
0.2, 7.500000000000001e-08, 0.00015, 0.0, 0.0, 0.0 
0.2, 7.500000000000001e-08, 0.00019999999999999998, 0.0, 0.0, 0.0 
0.25, 7.500000000000001e-08, -0.00019999999999999998, 1.28, 0.39033102118562235, 0.39008372102559624 
0.25, 7.500000000000001e-08, -0.00015, 1.1066666666666667, 0.2676377609486224, 0.6370217704958531 
0.25, 7.500000000000001e-08, -7.5e-05, 0.7533333333333333, 0.2285694145585297, 1.104768667885139 
0.25, 7.500000000000001e-08, 0.0, 0.18666666666666668, 0.1637302184591877, 5.333035851054619 
0.25, 7.500000000000001e-08, 7.5e-05, 0.0, 0.0, 0.0 
0.25, 7.500000000000001e-08, 0.00011499999999999999, 0.0, 0.0, 0.0 
0.25, 7.500000000000001e-08, 0.00015, 0.0, 0.0, 0.0 
0.25, 7.500000000000001e-08, 0.00019999999999999998, 0.0, 0.0, 0.0 
0.3, 7.500000000000001e-08, -0.00019999999999999998, 1.1, 0.4296338364497327, 0.4797246929838312 
0.3, 7.500000000000001e-08, -0.00015, 0.9733333333333334, 0.3044441608093951, 0.7237913787247195 
0.3, 7.500000000000001e-08, -7.5e-05, 0.6733333333333333, 0.2512454789958147, 1.2329053140547055 
0.3, 7.500000000000001e-08, 0.0, 0.2, 0.18681443099854142, 4.930722838302459 
0.3, 7.500000000000001e-08, 7.5e-05, 0.0, 0.0, 0.0 
0.3, 7.500000000000001e-08, 0.00011499999999999999, 0.0, 0.0, 0.0 
0.3, 7.500000000000001e-08, 0.00015, 0.0, 0.0, 0.0 
0.3, 7.500000000000001e-08, 0.00019999999999999998, 0.0, 0.0, 0.0 
0.35000000000000003, 7.500000000000001e-08, -0.00019999999999999998, 1.0066666666666666, 0.47151838004271174, 0.5227007838880046 
0.35000000000000003, 7.500000000000001e-08, -0.00015, 0.9466666666666667, 0.3253528724846933, 0.732074224709838 
0.35000000000000003, 7.500000000000001e-08, -7.5e-05, 0.64, 0.2730204663367722, 1.2891405063952264 
0.35000000000000003, 7.500000000000001e-08, 0.0, 0.22666666666666666, 0.19950770469960624, 4.29779146653718 
0.35000000000000003, 7.500000000000001e-08, 7.5e-05, 0.0, 0.0, 0.0 
0.35000000000000003, 7.500000000000001e-08, 0.00011499999999999999, 0.0, 0.0, 0.0 
0.35000000000000003, 7.500000000000001e-08, 0.00015, 0.0, 0.0, 0.0 
0.35000000000000003, 7.500000000000001e-08, 0.00019999999999999998, 0.0, 0.0, 0.0 
0.4, 7.500000000000001e-08, -0.00019999999999999998, 0.94, 0.49800885730103855, 0.5677574561649713 
0.4, 7.500000000000001e-08, -0.00015, 0.86, 0.34337983959189694, 0.8231432818400389 
0.4, 7.500000000000001e-08, -7.5e-05, 0.6133333333333333, 0.2899619711086987, 1.3408000067917885 
0.4, 7.500000000000001e-08, 0.0, 0.24, 0.2192266792763633, 4.020891628601304 
0.4, 7.500000000000001e-08, 7.5e-05, 0.0, 0.0, 0.0 
0.4, 7.500000000000001e-08, 0.00011499999999999999, 0.0, 0.0, 0.0 
0.4, 7.500000000000001e-08, 0.00015, 0.0, 0.0, 0.0 
0.4, 7.500000000000001e-08, 0.00019999999999999998, 0.0, 0.0, 0.0 
0.8, 7.500000000000001e-08, -0.00019999999999999998, 0.62, 0.668099795063785, 0.9528578423693336 
0.8, 7.500000000000001e-08, -0.00015, 0.6, 0.500547234191814, 1.1665939922897561 
0.8, 7.500000000000001e-08, -7.5e-05, 0.4266666666666667, 0.4179910455614091, 1.9372026961155095 
0.8, 7.500000000000001e-08, 0.0, 0.20666666666666667, 0.3513606591645847, 4.593770188279643 
0.8, 7.500000000000001e-08, 7.5e-05, 0.02, 0.1515161606137903, 37.852899453209815 
0.8, 7.500000000000001e-08, 0.00011499999999999999, 0.0, 0.0, 0.0 
0.8, 7.500000000000001e-08, 0.00015, 0.0, 0.0, 0.0 
0.8, 7.500000000000001e-08, 0.00019999999999999998, 0.0, 0.0, 0.0 
1.2, 7.500000000000001e-08, -0.00019999999999999998, 0.47333333333333333, 0.9008516329178744, 1.2229423534527135 
1.2, 7.500000000000001e-08, -0.00015, 0.46, 0.6782538041197916, 1.5144809097472982 
1.2, 7.500000000000001e-08, -7.5e-05, 0.36, 0.534413593608127, 2.265523165228201 
1.2, 7.500000000000001e-08, 0.0, 0.18, 0.44104337839227853, 5.264962444996944 
1.2, 7.500000000000001e-08, 7.5e-05, 0.02, 0.21178962230850693, 37.78596594049911 
1.2, 7.500000000000001e-08, 0.00011499999999999999, 0.0, 0.0, 0.0 
1.2, 7.500000000000001e-08, 0.00015, 0.0, 0.0, 0.0 
1.2, 7.500000000000001e-08, 0.00019999999999999998, 0.0, 0.0, 0.0 
1.6, 7.500000000000001e-08, -0.00019999999999999998, 0.4266666666666667, 1.0450712708709349, 1.3014532548462177 
1.6, 7.500000000000001e-08, -0.00015, 0.4, 0.8256465244523775, 1.694249249135689 
1.6, 7.500000000000001e-08, -7.5e-05, 0.30666666666666664, 0.649528714520388, 2.6501897004531054 
1.6, 7.500000000000001e-08, 0.0, 0.18, 0.5535242399956785, 5.151844040048425 
1.6, 7.500000000000001e-08, 7.5e-05, 0.02, 0.2510839233028525, 37.74200960379356 
1.6, 7.500000000000001e-08, 0.00011499999999999999, 0.0, 0.0, 0.0 
1.6, 7.500000000000001e-08, 0.00015, 0.0, 0.0, 0.0 
1.6, 7.500000000000001e-08, 0.00019999999999999998, 0.0, 0.0, 0.0 
0.2, 1.0000000000000001e-07, -0.00019999999999999998, 1.4266666666666667, 0.2035221337458997, 0.49638016846927363 
0.2, 1.0000000000000001e-07, -0.00015, 1.14, 0.1883333900021885, 0.6898911786840758 
0.2, 1.0000000000000001e-07, -7.5e-05, 0.72, 0.1575472068116042, 1.2380599134454788 
0.2, 1.0000000000000001e-07, 0.0, 0.07333333333333333, 0.07301837750258987, 13.027159688043213 
0.2, 1.0000000000000001e-07, 7.5e-05, 0.0, 0.0, 0.0 
0.2, 1.0000000000000001e-07, 0.00011499999999999999, 0.0, 0.0, 0.0 
0.2, 1.0000000000000001e-07, 0.00015, 0.0, 0.0, 0.0 
0.2, 1.0000000000000001e-07, 0.00019999999999999998, 0.0, 0.0, 0.0 
0.25, 1.0000000000000001e-07, -0.00019999999999999998, 1.2666666666666666, 0.2205966634546526, 0.568636212896248 
0.25, 1.0000000000000001e-07, -0.00015, 1.06, 0.2078564223688746, 0.7370526711399167 
0.25, 1.0000000000000001e-07, -7.5e-05, 0.68, 0.18115338763494934, 1.2978296344443068 
0.25, 1.0000000000000001e-07, 0.0, 0.11333333333333333, 0.10442568225366725, 9.170453183171384 
0.25, 1.0000000000000001e-07, 7.5e-05, 0.0, 0.0, 0.0 
0.25, 1.0000000000000001e-07, 0.00011499999999999999, 0.0, 0.0, 0.0 
0.25, 1.0000000000000001e-07, 0.00015, 0.0, 0.0, 0.0 
0.25, 1.0000000000000001e-07, 0.00019999999999999998, 0.0, 0.0, 0.0 
0.3, 1.0000000000000001e-07, -0.00019999999999999998, 1.1533333333333333, 0.23621045099055174, 0.6317329437255118 
0.3, 1.0000000000000001e-07, -0.00015, 0.98, 0.2256194221223245, 0.7969344058874122 
0.3, 1.0000000000000001e-07, -7.5e-05, 0.6266666666666667, 0.2014063193681511, 1.3946361667840053 
0.3, 1.0000000000000001e-07, 0.0, 0.12666666666666668, 0.1340773428219197, 8.11122063195004 
0.3, 1.0000000000000001e-07, 7.5e-05, 0.0, 0.0, 0.0 
0.3, 1.0000000000000001e-07, 0.00011499999999999999, 0.0, 0.0, 0.0 
0.3, 1.0000000000000001e-07, 0.00015, 0.0, 0.0, 0.0 
0.3, 1.0000000000000001e-07, 0.00019999999999999998, 0.0, 0.0, 0.0 
0.35000000000000003, 1.0000000000000001e-07, -0.00019999999999999998, 1.0933333333333333, 0.2526697464258674, 0.662103047169464 
0.35000000000000003, 1.0000000000000001e-07, -0.00015, 0.9266666666666666, 0.24174547766963955, 0.8401147613660286 
0.35000000000000003, 1.0000000000000001e-07, -7.5e-05, 0.6066666666666667, 0.21743236882864855, 1.4317777674176986 
0.35000000000000003, 1.0000000000000001e-07, 0.0, 0.13333333333333333, 0.15539564033060493, 7.65602659253212 
0.35000000000000003, 1.0000000000000001e-07, 7.5e-05, 0.0, 0.0, 0.0 
0.35000000000000003, 1.0000000000000001e-07, 0.00011499999999999999, 0.0, 0.0, 0.0 
0.35000000000000003, 1.0000000000000001e-07, 0.00015, 0.0, 0.0, 0.0 
0.35000000000000003, 1.0000000000000001e-07, 0.00019999999999999998, 0.0, 0.0, 0.0 
0.4, 1.0000000000000001e-07, -0.00019999999999999998, 1.0133333333333334, 0.27038273560543896, 0.7170956320253892 
0.4, 1.0000000000000001e-07, -0.00015, 0.8933333333333333, 0.25232398504053144, 0.8703309599682361 
0.4, 1.0000000000000001e-07, -7.5e-05, 0.5733333333333334, 0.23207180092580906, 1.5141077510065493 
0.4, 1.0000000000000001e-07, 0.0, 0.14666666666666667, 0.16642559300186058, 6.901335149941535 
0.4, 1.0000000000000001e-07, 7.5e-05, 0.0, 0.0, 0.0 
0.4, 1.0000000000000001e-07, 0.00011499999999999999, 0.0, 0.0, 0.0 
0.4, 1.0000000000000001e-07, 0.00015, 0.0, 0.0, 0.0 
0.4, 1.0000000000000001e-07, 0.00019999999999999998, 0.0, 0.0, 0.0 
0.8, 1.0000000000000001e-07, -0.00019999999999999998, 0.6933333333333334, 0.39888262274858255, 1.051033643150716 
0.8, 1.0000000000000001e-07, -0.00015, 0.5866666666666667, 0.3664428183156247, 1.3392673622362707 
0.8, 1.0000000000000001e-07, -7.5e-05, 0.41333333333333333, 0.3344097551271114, 2.098227236355057 
0.8, 1.0000000000000001e-07, 0.0, 0.16, 0.27876476033806424, 6.172694543709771 
0.8, 1.0000000000000001e-07, 7.5e-05, 0.0, 0.0, 0.0 
0.8, 1.0000000000000001e-07, 0.00011499999999999999, 0.0, 0.0, 0.0 
0.8, 1.0000000000000001e-07, 0.00015, 0.0, 0.0, 0.0 
0.8, 1.0000000000000001e-07, 0.00019999999999999998, 0.0, 0.0, 0.0 
1.2, 1.0000000000000001e-07, -0.00019999999999999998, 0.5266666666666666, 0.5340391413727342, 1.3681794033311527 
1.2, 1.0000000000000001e-07, -0.00015, 0.4666666666666667, 0.46722160748894187, 1.6843413803158431 
1.2, 1.0000000000000001e-07, -7.5e-05, 0.36, 0.40700311764388125, 2.3929060655095187 
1.2, 1.0000000000000001e-07, 0.0, 0.16666666666666666, 0.34645585385184047, 5.835786452124224 
1.2, 1.0000000000000001e-07, 7.5e-05, 0.013333333333333334, 0.17932187360555182, 75.77672844973993 
1.2, 1.0000000000000001e-07, 0.00011499999999999999, 0.0, 0.0, 0.0 
1.2, 1.0000000000000001e-07, 0.00015, 0.0, 0.0, 0.0 
1.2, 1.0000000000000001e-07, 0.00019999999999999998, 0.0, 0.0, 0.0 
1.6, 1.0000000000000001e-07, -0.00019999999999999998, 0.4533333333333333, 0.6256579248926459, 1.6008277548779157 
1.6, 1.0000000000000001e-07, -0.00015, 0.3933333333333333, 0.5805081077090543, 1.9783279643370344 
1.6, 1.0000000000000001e-07, -7.5e-05, 0.3, 0.5046320654816215, 2.8679466275620764 
1.6, 1.0000000000000001e-07, 0.0, 0.14666666666666667, 0.4111370584007765, 6.654294829041248 
1.6, 1.0000000000000001e-07, 7.5e-05, 0.013333333333333334, 0.23976183657566819, 75.70180287581003 
1.6, 1.0000000000000001e-07, 0.00011499999999999999, 0.0, 0.0, 0.0 
1.6, 1.0000000000000001e-07, 0.00015, 0.0, 0.0, 0.0 
1.6, 1.0000000000000001e-07, 0.00019999999999999998, 0.0, 0.0, 0.0 
0.2, 2.0000000000000002e-07, -0.00019999999999999998, 1.2066666666666668, 0.11532191099014759, 0.7128807606666268 
0.2, 2.0000000000000002e-07, -0.00015, 0.8066666666666666, 0.08966300086817343, 1.1547695955351016 
0.2, 2.0000000000000002e-07, -7.5e-05, 0.05333333333333334, 0.04508022031448761, 15.78232289259336 
0.2, 2.0000000000000002e-07, 0.0, 0.0, 0.0, 0.0 
0.2, 2.0000000000000002e-07, 7.5e-05, 0.0, 0.0, 0.0 
0.2, 2.0000000000000002e-07, 0.00011499999999999999, 0.0, 0.0, 0.0 
0.2, 2.0000000000000002e-07, 0.00015, 0.0, 0.0, 0.0 
0.2, 2.0000000000000002e-07, 0.00019999999999999998, 0.0, 0.0, 0.0 
0.25, 2.0000000000000002e-07, -0.00019999999999999998, 1.1266666666666667, 0.13351825943625784, 0.7553151964286904 
0.25, 2.0000000000000002e-07, -0.00015, 0.88, 0.11217645018069931, 1.0277729719776068 
0.25, 2.0000000000000002e-07, -7.5e-05, 0.13333333333333333, 0.07147899752912108, 7.740521608184993 
0.25, 2.0000000000000002e-07, 0.0, 0.0, 0.0, 0.0 
0.25, 2.0000000000000002e-07, 7.5e-05, 0.0, 0.0, 0.0 
0.25, 2.0000000000000002e-07, 0.00011499999999999999, 0.0, 0.0, 0.0 
0.25, 2.0000000000000002e-07, 0.00015, 0.0, 0.0, 0.0 
0.25, 2.0000000000000002e-07, 0.00019999999999999998, 0.0, 0.0, 0.0 
0.3, 2.0000000000000002e-07, -0.00019999999999999998, 1.0666666666666667, 0.14532439443486136, 0.7938152504361391 
0.3, 2.0000000000000002e-07, -0.00015, 0.8533333333333334, 0.12965246188785806, 1.0462284629289236 
0.3, 2.0000000000000002e-07, -7.5e-05, 0.23333333333333334, 0.08385955664991823, 4.282305067162696 
0.3, 2.0000000000000002e-07, 0.0, 0.0, 0.0, 0.0 
0.3, 2.0000000000000002e-07, 7.5e-05, 0.0, 0.0, 0.0 
0.3, 2.0000000000000002e-07, 0.00011499999999999999, 0.0, 0.0, 0.0 
0.3, 2.0000000000000002e-07, 0.00015, 0.0, 0.0, 0.0 
0.3, 2.0000000000000002e-07, 0.00019999999999999998, 0.0, 0.0, 0.0 
0.35000000000000003, 2.0000000000000002e-07, -0.00019999999999999998, 0.9933333333333333, 0.15566416554187046, 0.8517282742385807 
0.35000000000000003, 2.0000000000000002e-07, -0.00015, 0.7933333333333333, 0.14251389837915074, 1.123130120125873 
0.35000000000000003, 2.0000000000000002e-07, -7.5e-05, 0.29333333333333333, 0.10035485962731565, 3.352112095783305 
0.35000000000000003, 2.0000000000000002e-07, 0.0, 0.006666666666666667, 0.021978168352769584, 0.0 
0.35000000000000003, 2.0000000000000002e-07, 7.5e-05, 0.0, 0.0, 0.0 
0.35000000000000003, 2.0000000000000002e-07, 0.00011499999999999999, 0.0, 0.0, 0.0 
0.35000000000000003, 2.0000000000000002e-07, 0.00015, 0.0, 0.0, 0.0 
0.35000000000000003, 2.0000000000000002e-07, 0.00019999999999999998, 0.0, 0.0, 0.0 
0.4, 2.0000000000000002e-07, -0.00019999999999999998, 0.9333333333333333, 0.16693417871580896, 0.9074008068052881 
0.4, 2.0000000000000002e-07, -0.00015, 0.7333333333333333, 0.15516405219300344, 1.215159913629526 
0.4, 2.0000000000000002e-07, -7.5e-05, 0.34, 0.11468999617242952, 2.8545245056577135 
0.4, 2.0000000000000002e-07, 0.0, 0.02, 0.03929430099434562, 37.9353175845327 
0.4, 2.0000000000000002e-07, 7.5e-05, 0.0, 0.0, 0.0 
0.4, 2.0000000000000002e-07, 0.00011499999999999999, 0.0, 0.0, 0.0 
0.4, 2.0000000000000002e-07, 0.00015, 0.0, 0.0, 0.0 
0.4, 2.0000000000000002e-07, 0.00019999999999999998, 0.0, 0.0, 0.0 
0.8, 2.0000000000000002e-07, -0.00019999999999999998, 0.6466666666666666, 0.23069867436834054, 1.3156618592198417 
0.8, 2.0000000000000002e-07, -0.00015, 0.54, 0.21858534103037897, 1.6370488647943044 
0.8, 2.0000000000000002e-07, -7.5e-05, 0.3333333333333333, 0.2014598831827052, 2.8280275606502983 
0.8, 2.0000000000000002e-07, 0.0, 0.06666666666666667, 0.09490572697786867, 13.215317229329976 
0.8, 2.0000000000000002e-07, 7.5e-05, 0.0, 0.0, 0.0 
0.8, 2.0000000000000002e-07, 0.00011499999999999999, 0.0, 0.0, 0.0 
0.8, 2.0000000000000002e-07, 0.00015, 0.0, 0.0, 0.0 
0.8, 2.0000000000000002e-07, 0.00019999999999999998, 0.0, 0.0, 0.0 
1.2, 2.0000000000000002e-07, -0.00019999999999999998, 0.5, 0.2797887431817728, 1.7263932241720974 
1.2, 2.0000000000000002e-07, -0.00015, 0.42, 0.2739183839291066, 2.1201520468162913 
1.2, 2.0000000000000002e-07, -7.5e-05, 0.28, 0.24596995555843107, 3.374404189399506 
1.2, 2.0000000000000002e-07, 0.0, 0.07333333333333333, 0.17873155090186174, 14.666631146394582 
1.2, 2.0000000000000002e-07, 7.5e-05, 0.0, 0.0, 0.0 
1.2, 2.0000000000000002e-07, 0.00011499999999999999, 0.0, 0.0, 0.0 
1.2, 2.0000000000000002e-07, 0.00015, 0.0, 0.0, 0.0 
1.2, 2.0000000000000002e-07, 0.00019999999999999998, 0.0, 0.0, 0.0 
1.6, 2.0000000000000002e-07, -0.00019999999999999998, 0.44, 0.3331841885545208, 1.9502473696640823 
1.6, 2.0000000000000002e-07, -0.00015, 0.37333333333333335, 0.3140630307228154, 2.3845949387245033 
1.6, 2.0000000000000002e-07, -7.5e-05, 0.25333333333333335, 0.2899751159462302, 3.7214115060121364 
1.6, 2.0000000000000002e-07, 0.0, 0.07333333333333333, 0.2288635712767742, 14.615082351530813 
1.6, 2.0000000000000002e-07, 7.5e-05, 0.0, 0.0, 0.0 
1.6, 2.0000000000000002e-07, 0.00011499999999999999, 0.0, 0.0, 0.0 
1.6, 2.0000000000000002e-07, 0.00015, 0.0, 0.0, 0.0 
1.6, 2.0000000000000002e-07, 0.00019999999999999998, 0.0, 0.0, 0.0 
0.2, 3.0000000000000004e-07, -0.00019999999999999998, 0.3, 0.048396370716199684, 3.2024098486412584 
0.2, 3.0000000000000004e-07, -0.00015, 0.02, 0.03396626018155299, 40.24452377305211 
0.2, 3.0000000000000004e-07, -7.5e-05, 0.0, 0.0, 0.0 
0.2, 3.0000000000000004e-07, 0.0, 0.0, 0.0, 0.0 
0.2, 3.0000000000000004e-07, 7.5e-05, 0.0, 0.0, 0.0 
0.2, 3.0000000000000004e-07, 0.00011499999999999999, 0.0, 0.0, 0.0 
0.2, 3.0000000000000004e-07, 0.00015, 0.0, 0.0, 0.0 
0.2, 3.0000000000000004e-07, 0.00019999999999999998, 0.0, 0.0, 0.0 
0.25, 3.0000000000000004e-07, -0.00019999999999999998, 0.66, 0.07209000675490629, 1.4517110282697423 
0.25, 3.0000000000000004e-07, -0.00015, 0.12, 0.05982945829365053, 7.655689466110723 
0.25, 3.0000000000000004e-07, -7.5e-05, 0.0, 0.0, 0.0 
0.25, 3.0000000000000004e-07, 0.0, 0.0, 0.0, 0.0 
0.25, 3.0000000000000004e-07, 7.5e-05, 0.0, 0.0, 0.0 
0.25, 3.0000000000000004e-07, 0.00011499999999999999, 0.0, 0.0, 0.0 
0.25, 3.0000000000000004e-07, 0.00015, 0.0, 0.0, 0.0 
0.25, 3.0000000000000004e-07, 0.00019999999999999998, 0.0, 0.0, 0.0 
0.3, 3.0000000000000004e-07, -0.00019999999999999998, 0.7733333333333333, 0.09181397053639363, 1.206783870051401 
0.3, 3.0000000000000004e-07, -0.00015, 0.31333333333333335, 0.06404276716334115, 3.1634228839932046 
0.3, 3.0000000000000004e-07, -7.5e-05, 0.0, 0.0, 0.0 
0.3, 3.0000000000000004e-07, 0.0, 0.0, 0.0, 0.0 
0.3, 3.0000000000000004e-07, 7.5e-05, 0.0, 0.0, 0.0 
0.3, 3.0000000000000004e-07, 0.00011499999999999999, 0.0, 0.0, 0.0 
0.3, 3.0000000000000004e-07, 0.00015, 0.0, 0.0, 0.0 
0.3, 3.0000000000000004e-07, 0.00019999999999999998, 0.0, 0.0, 0.0 
0.35000000000000003, 3.0000000000000004e-07, -0.00019999999999999998, 0.8, 0.10218183271283858, 1.152821250778848 
0.35000000000000003, 3.0000000000000004e-07, -0.00015, 0.46, 0.07722763504194527, 2.1061431918803795 
0.35000000000000003, 3.0000000000000004e-07, -7.5e-05, 0.02, 0.05627743108512212, 40.21555255113255 
0.35000000000000003, 3.0000000000000004e-07, 0.0, 0.0, 0.0, 0.0 
0.35000000000000003, 3.0000000000000004e-07, 7.5e-05, 0.0, 0.0, 0.0 
0.35000000000000003, 3.0000000000000004e-07, 0.00011499999999999999, 0.0, 0.0, 0.0 
0.35000000000000003, 3.0000000000000004e-07, 0.00015, 0.0, 0.0, 0.0 
0.35000000000000003, 3.0000000000000004e-07, 0.00019999999999999998, 0.0, 0.0, 0.0 
0.4, 3.0000000000000004e-07, -0.00019999999999999998, 0.8, 0.11276298876449392, 1.142293892828362 
0.4, 3.0000000000000004e-07, -0.00015, 0.48, 0.0958353590988507, 1.9952011987341398 
0.4, 3.0000000000000004e-07, -7.5e-05, 0.04, 0.07026353821870275, 22.093054232795424 
0.4, 3.0000000000000004e-07, 0.0, 0.0, 0.0, 0.0 
0.4, 3.0000000000000004e-07, 7.5e-05, 0.0, 0.0, 0.0 
0.4, 3.0000000000000004e-07, 0.00011499999999999999, 0.0, 0.0, 0.0 
0.4, 3.0000000000000004e-07, 0.00015, 0.0, 0.0, 0.0 
0.4, 3.0000000000000004e-07, 0.00019999999999999998, 0.0, 0.0, 0.0 
0.8, 3.0000000000000004e-07, -0.00019999999999999998, 0.5866666666666667, 0.17260127667123387, 1.5339016117553117 
0.8, 3.0000000000000004e-07, -0.00015, 0.43333333333333335, 0.1658506396466689, 2.153860498571419 
0.8, 3.0000000000000004e-07, -7.5e-05, 0.16666666666666666, 0.12879206654722977, 6.057649401594417 
0.8, 3.0000000000000004e-07, 0.0, 0.0, 0.0, 0.0 
0.8, 3.0000000000000004e-07, 7.5e-05, 0.0, 0.0, 0.0 
0.8, 3.0000000000000004e-07, 0.00011499999999999999, 0.0, 0.0, 0.0 
0.8, 3.0000000000000004e-07, 0.00015, 0.0, 0.0, 0.0 
0.8, 3.0000000000000004e-07, 0.00019999999999999998, 0.0, 0.0, 0.0 
1.2, 3.0000000000000004e-07, -0.00019999999999999998, 0.44, 0.21846480980407948, 2.049932964024966 
1.2, 3.0000000000000004e-07, -0.00015, 0.38, 0.2039377726896546, 2.447176281084599 
1.2, 3.0000000000000004e-07, -7.5e-05, 0.20666666666666667, 0.17266719359844493, 4.77642208739319 
1.2, 3.0000000000000004e-07, 0.0, 0.03333333333333333, 0.09570493309978755, 20.035847724593573 
1.2, 3.0000000000000004e-07, 7.5e-05, 0.0, 0.0, 0.0 
1.2, 3.0000000000000004e-07, 0.00011499999999999999, 0.0, 0.0, 0.0 
1.2, 3.0000000000000004e-07, 0.00015, 0.0, 0.0, 0.0 
1.2, 3.0000000000000004e-07, 0.00019999999999999998, 0.0, 0.0, 0.0 
1.6, 3.0000000000000004e-07, -0.00019999999999999998, 0.3933333333333333, 0.2518853870691836, 2.3076215556914614 
1.6, 3.0000000000000004e-07, -0.00015, 0.32, 0.2379511352056957, 2.920673265974238 
1.6, 3.0000000000000004e-07, -7.5e-05, 0.2, 0.20819319475987183, 4.9111560677313415 
1.6, 3.0000000000000004e-07, 0.0, 0.03333333333333333, 0.1438571019454009, 19.99338989936663 
1.6, 3.0000000000000004e-07, 7.5e-05, 0.0, 0.0, 0.0 
1.6, 3.0000000000000004e-07, 0.00011499999999999999, 0.0, 0.0, 0.0 
1.6, 3.0000000000000004e-07, 0.00015, 0.0, 0.0, 0.0 
1.6, 3.0000000000000004e-07, 0.00019999999999999998, 0.0, 0.0, 0.0 
0.2, 5.000000000000001e-07, -0.00019999999999999998, 0.0, 0.0, 0.0 
0.2, 5.000000000000001e-07, -0.00015, 0.0, 0.0, 0.0 
0.2, 5.000000000000001e-07, -7.5e-05, 0.0, 0.0, 0.0 
0.2, 5.000000000000001e-07, 0.0, 0.0, 0.0, 0.0 
0.2, 5.000000000000001e-07, 7.5e-05, 0.0, 0.0, 0.0 
0.2, 5.000000000000001e-07, 0.00011499999999999999, 0.0, 0.0, 0.0 
0.2, 5.000000000000001e-07, 0.00015, 0.0, 0.0, 0.0 
0.2, 5.000000000000001e-07, 0.00019999999999999998, 0.0, 0.0, 0.0 
0.25, 5.000000000000001e-07, -0.00019999999999999998, 0.0, 0.0, 0.0 
0.25, 5.000000000000001e-07, -0.00015, 0.0, 0.0, 0.0 
0.25, 5.000000000000001e-07, -7.5e-05, 0.0, 0.0, 0.0 
0.25, 5.000000000000001e-07, 0.0, 0.0, 0.0, 0.0 
0.25, 5.000000000000001e-07, 7.5e-05, 0.0, 0.0, 0.0 
0.25, 5.000000000000001e-07, 0.00011499999999999999, 0.0, 0.0, 0.0 
0.25, 5.000000000000001e-07, 0.00015, 0.0, 0.0, 0.0 
0.25, 5.000000000000001e-07, 0.00019999999999999998, 0.0, 0.0, 0.0 
0.3, 5.000000000000001e-07, -0.00019999999999999998, 0.006666666666666667, 0.07792259688709216, 0.0 
0.3, 5.000000000000001e-07, -0.00015, 0.0, 0.0, 0.0 
0.3, 5.000000000000001e-07, -7.5e-05, 0.0, 0.0, 0.0 
0.3, 5.000000000000001e-07, 0.0, 0.0, 0.0, 0.0 
0.3, 5.000000000000001e-07, 7.5e-05, 0.0, 0.0, 0.0 
0.3, 5.000000000000001e-07, 0.00011499999999999999, 0.0, 0.0, 0.0 
0.3, 5.000000000000001e-07, 0.00015, 0.0, 0.0, 0.0 
0.3, 5.000000000000001e-07, 0.00019999999999999998, 0.0, 0.0, 0.0 
0.35000000000000003, 5.000000000000001e-07, -0.00019999999999999998, 0.02, 0.053613410678725805, 46.17862922829989 
0.35000000000000003, 5.000000000000001e-07, -0.00015, 0.006666666666666667, 0.04395633670553917, 0.0 
0.35000000000000003, 5.000000000000001e-07, -7.5e-05, 0.0, 0.0, 0.0 
0.35000000000000003, 5.000000000000001e-07, 0.0, 0.0, 0.0, 0.0 
0.35000000000000003, 5.000000000000001e-07, 7.5e-05, 0.0, 0.0, 0.0 
0.35000000000000003, 5.000000000000001e-07, 0.00011499999999999999, 0.0, 0.0, 0.0 
0.35000000000000003, 5.000000000000001e-07, 0.00015, 0.0, 0.0, 0.0 
0.35000000000000003, 5.000000000000001e-07, 0.00019999999999999998, 0.0, 0.0, 0.0 
0.4, 5.000000000000001e-07, -0.00019999999999999998, 0.04, 0.06793252036310599, 20.361973772719104 
0.4, 5.000000000000001e-07, -0.00015, 0.006666666666666667, 0.08791267341107833, 0.0 
0.4, 5.000000000000001e-07, -7.5e-05, 0.0, 0.0, 0.0 
0.4, 5.000000000000001e-07, 0.0, 0.0, 0.0, 0.0 
0.4, 5.000000000000001e-07, 7.5e-05, 0.0, 0.0, 0.0 
0.4, 5.000000000000001e-07, 0.00011499999999999999, 0.0, 0.0, 0.0 
0.4, 5.000000000000001e-07, 0.00015, 0.0, 0.0, 0.0 
0.4, 5.000000000000001e-07, 0.00019999999999999998, 0.0, 0.0, 0.0 
0.8, 5.000000000000001e-07, -0.00019999999999999998, 0.32, 0.10672731753125231, 3.052393487717095 
0.8, 5.000000000000001e-07, -0.00015, 0.12666666666666668, 0.09112001376877917, 8.157341485235778 
0.8, 5.000000000000001e-07, -7.5e-05, 0.006666666666666667, 0.12287794124502995, 0.0 
0.8, 5.000000000000001e-07, 0.0, 0.0, 0.0, 0.0 
0.8, 5.000000000000001e-07, 7.5e-05, 0.0, 0.0, 0.0 
0.8, 5.000000000000001e-07, 0.00011499999999999999, 0.0, 0.0, 0.0 
0.8, 5.000000000000001e-07, 0.00015, 0.0, 0.0, 0.0 
0.8, 5.000000000000001e-07, 0.00019999999999999998, 0.0, 0.0, 0.0 
1.2, 5.000000000000001e-07, -0.00019999999999999998, 0.2866666666666667, 0.14334598175115046, 3.3919639824441057 
1.2, 5.000000000000001e-07, -0.00015, 0.20666666666666667, 0.12049321330059455, 4.829336192715236 
1.2, 5.000000000000001e-07, -7.5e-05, 0.03333333333333333, 0.09550513156930782, 21.95893745546091 
1.2, 5.000000000000001e-07, 0.0, 0.0, 0.0, 0.0 
1.2, 5.000000000000001e-07, 7.5e-05, 0.0, 0.0, 0.0 
1.2, 5.000000000000001e-07, 0.00011499999999999999, 0.0, 0.0, 0.0 
1.2, 5.000000000000001e-07, 0.00015, 0.0, 0.0, 0.0 
1.2, 5.000000000000001e-07, 0.00019999999999999998, 0.0, 0.0, 0.0 
1.6, 5.000000000000001e-07, -0.00019999999999999998, 0.3, 0.1708525087302169, 3.203794836522994 
1.6, 5.000000000000001e-07, -0.00015, 0.20666666666666667, 0.1623548565414269, 4.787044868763695 
1.6, 5.000000000000001e-07, -7.5e-05, 0.04666666666666667, 0.10931998024819158, 24.6376932247301 
1.6, 5.000000000000001e-07, 0.0, 0.006666666666666667, 0.08091961984428801, 0.0 
1.6, 5.000000000000001e-07, 7.5e-05, 0.0, 0.0, 0.0 
1.6, 5.000000000000001e-07, 0.00011499999999999999, 0.0, 0.0, 0.0 
1.6, 5.000000000000001e-07, 0.00015, 0.0, 0.0, 0.0 
1.6, 5.000000000000001e-07, 0.00019999999999999998, 0.0, 0.0, 0.0 
