tau,beta,gamma,frequency,up,down
0.7000000000000001, 5e-08, -380.0, 0.005555555555555556, 179.8341372974593, 0.0 
0.7000000000000001, 5e-08, -340.0, 0.005555555555555556, 179.82614391420432, 0.0 
0.7000000000000001, 5e-08, -300.0, 0.005555555555555556, 179.81815053094937, 0.0 
0.7000000000000001, 5e-08, -260.0, 0.005555555555555556, 179.80815880188064, 0.0 
0.7000000000000001, 5e-08, -220.0, 0.016666666666666666, 59.48276149187617, 0.6739421256848497 
0.7000000000000001, 5e-08, -180.0, 0.11666666666666667, 7.8558304514596236, 0.7405369999278375 
0.7000000000000001, 5e-08, -140.0, 0.35555555555555557, 1.8459407212918193, 0.9650424291637952 
0.7000000000000001, 5e-08, -100.0, 0.4722222222222222, 0.8528117084779167, 1.2652264831571958 
0.7000000000000001, 5e-08, -60.0, 0.4111111111111111, 0.5926445571406131, 1.8470190239023596 
0.7000000000000001, 5e-08, -20.0, 0.3055555555555556, 0.5029291409787553, 2.800977709192576 
0.8, 5e-08, -380.0, 0.005555555555555556, 179.8341372974593, 0.0 
0.8, 5e-08, -340.0, 0.005555555555555556, 179.82614391420432, 0.0 
0.8, 5e-08, -300.0, 0.005555555555555556, 179.81815053094937, 0.0 
0.8, 5e-08, -260.0, 0.005555555555555556, 179.80815880188064, 0.0 
0.8, 5e-08, -220.0, 0.022222222222222223, 44.59283704044985, 0.4749401883996025 
0.8, 5e-08, -180.0, 0.12777777777777777, 7.037956744501592, 0.8140988343487385 
0.8, 5e-08, -140.0, 0.3277777777777778, 2.0048658403387556, 1.0454966300883883 
0.8, 5e-08, -100.0, 0.45, 0.9255795048666504, 1.2976008748313894 
0.8, 5e-08, -60.0, 0.38333333333333336, 0.6543424078667247, 1.9708979462425384 
0.8, 5e-08, -20.0, 0.3, 0.5458259551815442, 2.821607732048219 
0.9, 5e-08, -380.0, 0.005555555555555556, 179.8341372974593, 0.0 
0.9, 5e-08, -340.0, 0.005555555555555556, 179.82614391420432, 0.0 
0.9, 5e-08, -300.0, 0.005555555555555556, 179.81815053094937, 0.0 
0.9, 5e-08, -260.0, 0.005555555555555556, 179.80815880188064, 0.0 
0.9, 5e-08, -220.0, 0.022222222222222223, 44.5671083380979, 0.5092451248688585 
0.9, 5e-08, -180.0, 0.13333333333333333, 6.678097019689257, 0.8482109133333351 
0.9, 5e-08, -140.0, 0.3277777777777778, 1.8887077561314356, 1.1635540771709856 
0.9, 5e-08, -100.0, 0.4388888888888889, 0.9346313961909588, 1.3458730956468943 
0.9, 5e-08, -60.0, 0.36666666666666664, 0.7092008181106649, 2.0370829787479336 
0.9, 5e-08, -20.0, 0.2833333333333333, 0.584927574657971, 2.9855486291902817 
1.0, 5e-08, -380.0, 0.005555555555555556, 179.8341372974593, 0.0 
1.0, 5e-08, -340.0, 0.005555555555555556, 179.82614391420432, 0.0 
1.0, 5e-08, -300.0, 0.005555555555555556, 179.81815053094937, 0.0 
1.0, 5e-08, -260.0, 0.005555555555555556, 179.80815880188064, 0.0 
1.0, 5e-08, -220.0, 0.027777777777777776, 35.39210320345935, 0.7089131774253534 
1.0, 5e-08, -180.0, 0.13333333333333333, 6.652618110564032, 0.8747976011161774 
1.0, 5e-08, -140.0, 0.32222222222222224, 1.867867613800913, 1.2382732305509676 
1.0, 5e-08, -100.0, 0.37222222222222223, 1.0950487668458189, 1.5976926170710202 
1.0, 5e-08, -60.0, 0.35555555555555557, 0.7384356144080733, 2.095043547285858 
1.0, 5e-08, -20.0, 0.2777777777777778, 0.6128127272424493, 3.0308788609338233 
1.1, 5e-08, -380.0, 0.005555555555555556, 179.8341372974593, 0.0 
1.1, 5e-08, -340.0, 0.005555555555555556, 179.82614391420432, 0.0 
1.1, 5e-08, -300.0, 0.005555555555555556, 179.81815053094937, 0.0 
1.1, 5e-08, -260.0, 0.005555555555555556, 179.80815880188064, 0.0 
1.1, 5e-08, -220.0, 0.027777777777777776, 35.194466802480164, 0.9562084718760581 
1.1, 5e-08, -180.0, 0.13333333333333333, 6.549703301156264, 0.982186967454718 
1.1, 5e-08, -140.0, 0.32222222222222224, 1.8755681360314573, 1.2304726701376725 
1.1, 5e-08, -100.0, 0.36666666666666664, 1.136892239201994, 1.59707797434346 
1.1, 5e-08, -60.0, 0.3333333333333333, 0.8187056270087538, 2.197079611406415 
1.1, 5e-08, -20.0, 0.25555555555555554, 0.6713355876669239, 3.2959605659759417 
1.2, 5e-08, -380.0, 0.005555555555555556, 179.8341372974593, 0.0 
1.2, 5e-08, -340.0, 0.005555555555555556, 179.82614391420432, 0.0 
1.2, 5e-08, -300.0, 0.005555555555555556, 179.81815053094937, 0.0 
1.2, 5e-08, -260.0, 0.005555555555555556, 179.80815880188064, 0.0 
1.2, 5e-08, -220.0, 0.027777777777777776, 34.96145968059773, 1.2474673742291102 
1.2, 5e-08, -180.0, 0.1388888888888889, 6.156983385974942, 1.0774414512431374 
1.2, 5e-08, -140.0, 0.3055555555555556, 1.9424647980787617, 1.3349505131863066 
1.2, 5e-08, -100.0, 0.35555555555555557, 1.156246010247073, 1.6740269760824966 
1.2, 5e-08, -60.0, 0.31666666666666665, 0.8890009468770148, 2.2874457889223443 
1.2, 5e-08, -20.0, 0.24444444444444444, 0.7240824388296758, 3.4276975118916413 
1.3, 5e-08, -380.0, 0.005555555555555556, 179.8341372974593, 0.0 
1.3, 5e-08, -340.0, 0.005555555555555556, 179.82614391420432, 0.0 
1.3, 5e-08, -300.0, 0.005555555555555556, 179.81815053094937, 0.0 
1.3, 5e-08, -260.0, 0.005555555555555556, 179.80815880188064, 0.0 
1.3, 5e-08, -220.0, 0.027777777777777776, 34.91409888481201, 1.3066683689612486 
1.3, 5e-08, -180.0, 0.12777777777777777, 6.710054261846532, 1.1569059753062994 
1.3, 5e-08, -140.0, 0.28888888888888886, 2.071765807534532, 1.3960208755301575 
1.3, 5e-08, -100.0, 0.3333333333333333, 1.2390410160478267, 1.7822196334465503 
1.3, 5e-08, -60.0, 0.3, 0.9436262945302685, 2.4120222495068804 
1.3, 5e-08, -20.0, 0.24444444444444444, 0.7417269240260208, 3.3597305176451475 
1.4000000000000001, 5e-08, -380.0, 0.005555555555555556, 179.8341372974593, 0.0 
1.4000000000000001, 5e-08, -340.0, 0.005555555555555556, 179.82614391420432, 0.0 
1.4000000000000001, 5e-08, -300.0, 0.005555555555555556, 179.81815053094937, 0.0 
1.4000000000000001, 5e-08, -260.0, 0.005555555555555556, 179.80815880188064, 0.0 
1.4000000000000001, 5e-08, -220.0, 0.027777777777777776, 34.9041071557433, 1.3191580302971428 
1.4000000000000001, 5e-08, -180.0, 0.13333333333333333, 6.423599353868187, 1.1137736950596693 
1.4000000000000001, 5e-08, -140.0, 0.28888888888888886, 2.116209787026722, 1.350822995213439 
1.4000000000000001, 5e-08, -100.0, 0.31666666666666665, 1.3638184298319136, 1.8175847294660055 
1.4000000000000001, 5e-08, -60.0, 0.3, 0.9475489733498379, 2.4085345704923293 
1.4000000000000001, 5e-08, -20.0, 0.25, 0.7631016547413529, 3.2450865167671803 
1.5, 5e-08, -380.0, 0.005555555555555556, 179.8341372974593, 0.0 
1.5, 5e-08, -340.0, 0.005555555555555556, 179.82614391420432, 0.0 
1.5, 5e-08, -300.0, 0.005555555555555556, 179.81815053094937, 0.0 
1.5, 5e-08, -260.0, 0.005555555555555556, 179.80815880188064, 0.0 
1.5, 5e-08, -220.0, 0.03333333333333333, 28.96935314656201, 1.1962098041066005 
1.5, 5e-08, -180.0, 0.12222222222222222, 6.9831740291748385, 1.2453976589220193 
1.5, 5e-08, -140.0, 0.2777777777777778, 2.119865222676784, 1.489032717928164 
1.5, 5e-08, -100.0, 0.3111111111111111, 1.2963019500524564, 1.9331634066547942 
1.5, 5e-08, -60.0, 0.2833333333333333, 1.0374745349682761, 2.5187750140161755 
1.5, 5e-08, -20.0, 0.2222222222222222, 0.8372069786676584, 3.683566210363472 
1.6, 5e-08, -380.0, 0.005555555555555556, 179.8341372974593, 0.0 
1.6, 5e-08, -340.0, 0.005555555555555556, 179.82614391420432, 0.0 
1.6, 5e-08, -300.0, 0.005555555555555556, 179.81815053094937, 0.0 
1.6, 5e-08, -260.0, 0.005555555555555556, 179.80815880188064, 0.0 
1.6, 5e-08, -220.0, 0.03333333333333333, 28.956530427590494, 1.211597066872422 
1.6, 5e-08, -180.0, 0.1111111111111111, 7.628235516156069, 1.4325510082151294 
1.6, 5e-08, -140.0, 0.2611111111111111, 2.2947600231156176, 1.545720486930263 
1.6, 5e-08, -100.0, 0.3055555555555556, 1.366886703380383, 1.9214280031159392 
1.6, 5e-08, -60.0, 0.25555555555555554, 1.1114060896933864, 2.811006444665249 
1.6, 5e-08, -20.0, 0.23333333333333334, 0.8494634996586157, 3.4602576268506184 
0.7000000000000001, 1e-07, -380.0, 0.6555555555555556, 1.0726544533616287, 0.45546058668529504 
0.7000000000000001, 1e-07, -340.0, 0.8222222222222222, 0.7080287743794064, 0.5106589205466087 
0.7000000000000001, 1e-07, -300.0, 0.8277777777777777, 0.5414243042140993, 0.6701142132646054 
0.7000000000000001, 1e-07, -260.0, 0.8333333333333334, 0.4098540652459908, 0.7943558726797403 
0.7000000000000001, 1e-07, -220.0, 0.7777777777777778, 0.3837609026813518, 0.9011173844065369 
0.7000000000000001, 1e-07, -180.0, 0.6944444444444444, 0.356329038740154, 1.0831356624328354 
0.7000000000000001, 1e-07, -140.0, 0.6277777777777778, 0.32516446440082997, 1.2772730588885548 
0.7000000000000001, 1e-07, -100.0, 0.5222222222222223, 0.3119864254211319, 1.600728715781685 
0.7000000000000001, 1e-07, -60.0, 0.37222222222222223, 0.30163091364751715, 2.4028745901751023 
0.7000000000000001, 1e-07, -20.0, 0.2777777777777778, 0.26981665177158903, 3.3735339941393185 
0.8, 1e-07, -380.0, 0.6111111111111112, 1.1243238551522248, 0.5154723859826328 
0.8, 1e-07, -340.0, 0.7777777777777778, 0.6818284546998001, 0.6072024073118371 
0.8, 1e-07, -300.0, 0.8166666666666667, 0.5139487143352198, 0.7143812538129586 
0.8, 1e-07, -260.0, 0.7888888888888889, 0.44723542225883595, 0.8250475404343189 
0.8, 1e-07, -220.0, 0.7055555555555556, 0.4158132793226325, 1.0006558063444306 
0.8, 1e-07, -180.0, 0.6555555555555556, 0.3802953694357148, 1.1453425092135272 
0.8, 1e-07, -140.0, 0.5777777777777777, 0.35919305258851963, 1.3825836832908593 
0.8, 1e-07, -100.0, 0.46111111111111114, 0.35146809866290735, 1.8180803993009038 
0.8, 1e-07, -60.0, 0.37222222222222223, 0.31973533019889083, 2.3848440609011026 
0.8, 1e-07, -20.0, 0.25, 0.29355700003885676, 3.7639070486602253 
0.9, 1e-07, -380.0, 0.5777777777777777, 1.2173768978414021, 0.516475385774246 
0.9, 1e-07, -340.0, 0.7166666666666667, 0.7311234744056179, 0.6682905539303576 
0.9, 1e-07, -300.0, 0.75, 0.5830654994846858, 0.7547409138852971 
0.9, 1e-07, -260.0, 0.7277777777777777, 0.47656734020723046, 0.9028449527036807 
0.9, 1e-07, -220.0, 0.6722222222222223, 0.43406218057605117, 1.053286446219518 
0.9, 1e-07, -180.0, 0.6, 0.4044522404602116, 1.2721805620612174 
0.9, 1e-07, -140.0, 0.5333333333333333, 0.38637808147699954, 1.4863590986525477 
0.9, 1e-07, -100.0, 0.4444444444444444, 0.3703809069159417, 1.8830994399783407 
0.9, 1e-07, -60.0, 0.3611111111111111, 0.33954969753669717, 2.4495660536555848 
0.9, 1e-07, -20.0, 0.24444444444444444, 0.3130817469781327, 3.839054673992729 
1.0, 1e-07, -380.0, 0.5333333333333333, 1.2920554651982525, 0.5870403768108912 
1.0, 1e-07, -340.0, 0.6611111111111111, 0.8119665276143262, 0.7048572128288154 
1.0, 1e-07, -300.0, 0.7111111111111111, 0.5934852885666864, 0.8179528380772118 
1.0, 1e-07, -260.0, 0.6888888888888889, 0.5245254868774397, 0.9332437417319457 
1.0, 1e-07, -220.0, 0.6277777777777778, 0.47939078158360254, 1.1119010216146474 
1.0, 1e-07, -180.0, 0.5777777777777777, 0.4380508527769961, 1.2923962025609113 
1.0, 1e-07, -140.0, 0.5, 0.40838417088077095, 1.593422573236973 
1.0, 1e-07, -100.0, 0.4166666666666667, 0.39035687125657087, 2.0134549283753547 
1.0, 1e-07, -60.0, 0.3388888888888889, 0.35727802368330996, 2.6177997102398565 
1.0, 1e-07, -20.0, 0.24444444444444444, 0.32466306930778005, 3.8264604480503026 
1.1, 1e-07, -380.0, 0.5111111111111111, 1.3416937235771256, 0.6194542624941904 
1.1, 1e-07, -340.0, 0.6555555555555556, 0.8192794457996211, 0.7109243331481591 
1.1, 1e-07, -300.0, 0.6333333333333333, 0.6866333745370425, 0.8988135042786853 
1.1, 1e-07, -260.0, 0.6055555555555555, 0.5827103059083456, 1.0767383295679316 
1.1, 1e-07, -220.0, 0.5944444444444444, 0.49822309601143755, 1.1828510508649184 
1.1, 1e-07, -180.0, 0.5277777777777778, 0.47485955339308306, 1.4206644310861822 
1.1, 1e-07, -140.0, 0.4722222222222222, 0.44612482543045245, 1.6748516902278507 
1.1, 1e-07, -100.0, 0.39444444444444443, 0.40470724585650103, 2.1450814920664873 
1.1, 1e-07, -60.0, 0.3277777777777778, 0.3803631099717738, 2.697129445147034 
1.1, 1e-07, -20.0, 0.23333333333333334, 0.35106653777864827, 3.9536784523488615 
1.2, 1e-07, -380.0, 0.5111111111111111, 1.3272382981527124, 0.6346394946942271 
1.2, 1e-07, -340.0, 0.6, 0.9024936765307235, 0.7699047460349928 
1.2, 1e-07, -300.0, 0.6222222222222222, 0.6906247447549371, 0.9232537690647366 
1.2, 1e-07, -260.0, 0.5833333333333334, 0.6132162027781765, 1.0993592056489991 
1.2, 1e-07, -220.0, 0.5611111111111111, 0.5438666309719749, 1.2375855541801508 
1.2, 1e-07, -180.0, 0.5055555555555555, 0.5026059320004886, 1.4768441678832522 
1.2, 1e-07, -140.0, 0.45, 0.46726752731226806, 1.7596808752754662 
1.2, 1e-07, -100.0, 0.3888888888888889, 0.417839835755006, 2.1635858433127937 
1.2, 1e-07, -60.0, 0.3055555555555556, 0.3967079775882489, 2.908777363922826 
1.2, 1e-07, -20.0, 0.23333333333333334, 0.3606062600561598, 3.9442228648399302 
1.3, 1e-07, -380.0, 0.4388888888888889, 1.5450375079812622, 0.7409763798086796 
1.3, 1e-07, -340.0, 0.5277777777777778, 1.0143392998368892, 0.8880840127256362 
1.3, 1e-07, -300.0, 0.5722222222222222, 0.7689363071463983, 0.986134680018142 
1.3, 1e-07, -260.0, 0.5666666666666667, 0.6340829633509256, 1.1291840983775312 
1.3, 1e-07, -220.0, 0.5222222222222223, 0.5874498922464064, 1.3276536859542252 
1.3, 1e-07, -180.0, 0.4722222222222222, 0.5393770450800041, 1.5810721759686228 
1.3, 1e-07, -140.0, 0.4222222222222222, 0.49518220443837274, 1.8841070447240895 
1.3, 1e-07, -100.0, 0.37777777777777777, 0.4400328094423798, 2.22386063012682 
1.3, 1e-07, -60.0, 0.3055555555555556, 0.41242224239631947, 2.8931051518465263 
1.3, 1e-07, -20.0, 0.2222222222222222, 0.39060166861875445, 4.134628728270657 
1.4000000000000001, 1e-07, -380.0, 0.42777777777777776, 1.5552839990388907, 0.7906612976217641 
1.4000000000000001, 1e-07, -340.0, 0.5333333333333333, 0.9886607752471566, 0.8937338711727218 
1.4000000000000001, 1e-07, -300.0, 0.55, 0.7862178731847727, 1.0299841367140419 
1.4000000000000001, 1e-07, -260.0, 0.5444444444444444, 0.6565177736660389, 1.1792918496504583 
1.4000000000000001, 1e-07, -220.0, 0.5, 0.6078301850135166, 1.3931838320351673 
1.4000000000000001, 1e-07, -180.0, 0.45555555555555555, 0.5699062930157136, 1.628886212092336 
1.4000000000000001, 1e-07, -140.0, 0.40555555555555556, 0.513629623332345, 1.9647902569539657 
1.4000000000000001, 1e-07, -100.0, 0.36666666666666664, 0.4724573951158611, 2.27317985069624 
1.4000000000000001, 1e-07, -60.0, 0.29444444444444445, 0.44678110792355624, 2.985663149777299 
1.4000000000000001, 1e-07, -20.0, 0.2111111111111111, 0.4164710439983744, 4.3530993038345285 
1.5, 1e-07, -380.0, 0.43333333333333335, 1.4801721822576779, 0.8326613907549689 
1.5, 1e-07, -340.0, 0.5166666666666667, 0.9950258021182824, 0.937854099999831 
1.5, 1e-07, -300.0, 0.5277777777777778, 0.784960753247823, 1.1086142286709948 
1.5, 1e-07, -260.0, 0.5388888888888889, 0.6726184791020354, 1.1822505259535163 
1.5, 1e-07, -220.0, 0.46111111111111114, 0.6533627752716341, 1.518036086388652 
1.5, 1e-07, -180.0, 0.45555555555555555, 0.5832001666912848, 1.6203500682459766 
1.5, 1e-07, -140.0, 0.39444444444444443, 0.5339523722890104, 2.0153317531598844 
1.5, 1e-07, -100.0, 0.34444444444444444, 0.5038571118280405, 2.4159018095130538 
1.5, 1e-07, -60.0, 0.2777777777777778, 0.46421573253251475, 3.1792662332461528 
1.5, 1e-07, -20.0, 0.2, 0.42525909108571236, 4.6173207416400555 
1.6, 1e-07, -380.0, 0.4222222222222222, 1.5488363287582705, 0.8171369255449655 
1.6, 1e-07, -340.0, 0.5, 1.0317015359507962, 0.966031801016649 
1.6, 1e-07, -300.0, 0.5, 0.8579786732093988, 1.1412463128991661 
1.6, 1e-07, -260.0, 0.48333333333333334, 0.7443838156192928, 1.3255190438612374 
1.6, 1e-07, -220.0, 0.46111111111111114, 0.6507745562960031, 1.52091175475477 
1.6, 1e-07, -180.0, 0.4166666666666667, 0.6054055254261749, 1.8010496716456779 
1.6, 1e-07, -140.0, 0.38333333333333336, 0.5660097305925746, 2.0587516934511396 
1.6, 1e-07, -100.0, 0.3333333333333333, 0.5326091180078713, 2.4858067112242583 
1.6, 1e-07, -60.0, 0.2611111111111111, 0.48277058600309924, 3.4006415462369683 
1.6, 1e-07, -20.0, 0.2, 0.4436050158479924, 4.599478368303063 
0.7000000000000001, 1.5e-07, -380.0, 1.05, 0.2961992572814725, 0.658906699336235 
0.7000000000000001, 1.5e-07, -340.0, 0.9888888888888889, 0.28789090379056387, 0.7265962798591109 
0.7000000000000001, 1.5e-07, -300.0, 0.9222222222222223, 0.2788836041811975, 0.8093906104996923 
0.7000000000000001, 1.5e-07, -260.0, 0.8444444444444444, 0.27113740059033004, 0.918001688006679 
0.7000000000000001, 1.5e-07, -220.0, 0.7555555555555555, 0.2651848975994707, 1.0580648981306215 
0.7000000000000001, 1.5e-07, -180.0, 0.6833333333333333, 0.25645437943036037, 1.215354612197608 
0.7000000000000001, 1.5e-07, -140.0, 0.5666666666666667, 0.2469426451894559, 1.5304460020965045 
0.7000000000000001, 1.5e-07, -100.0, 0.45, 0.23708769469223315, 1.9865680631033196 
0.7000000000000001, 1.5e-07, -60.0, 0.3333333333333333, 0.22757828242177308, 2.7980397770546057 
0.7000000000000001, 1.5e-07, -20.0, 0.15555555555555556, 0.1878445064918484, 6.424718797587922 
0.8, 1.5e-07, -380.0, 0.9833333333333333, 0.31680555201433536, 0.7033098611805682 
0.8, 1.5e-07, -340.0, 0.9166666666666666, 0.3110334425190461, 0.7837232025684973 
0.8, 1.5e-07, -300.0, 0.85, 0.30033962083020815, 0.8808432259728861 
0.8, 1.5e-07, -260.0, 0.7888888888888889, 0.2896194144143122, 0.9834908526665219 
0.8, 1.5e-07, -220.0, 0.7111111111111111, 0.28333577344309435, 1.1304264628190763 
0.8, 1.5e-07, -180.0, 0.6277777777777778, 0.27406517034055927, 1.319844961670617 
0.8, 1.5e-07, -140.0, 0.55, 0.26209617392471585, 1.553030762177476 
0.8, 1.5e-07, -100.0, 0.43333333333333335, 0.2544816534347422, 2.0561810558979565 
0.8, 1.5e-07, -60.0, 0.3277777777777778, 0.24088534622611357, 2.836961970751797 
0.8, 1.5e-07, -20.0, 0.16111111111111112, 0.20469262895599252, 6.1717483067587695 
0.9, 1.5e-07, -380.0, 0.9, 0.34998189770073046, 0.7649692599180065 
0.9, 1.5e-07, -340.0, 0.85, 0.33034746074572907, 0.8506839805996848 
0.9, 1.5e-07, -300.0, 0.7777777777777778, 0.3212555004072026, 0.970110633040731 
0.9, 1.5e-07, -260.0, 0.7333333333333333, 0.3117192384687624, 1.0587419175789132 
0.9, 1.5e-07, -220.0, 0.6666666666666666, 0.30050125174161385, 1.1996204262475352 
0.9, 1.5e-07, -180.0, 0.5833333333333334, 0.2883993646529103, 1.4377521683973564 
0.9, 1.5e-07, -140.0, 0.5, 0.2805788541707142, 1.7182405999627897 
0.9, 1.5e-07, -100.0, 0.40555555555555556, 0.274375617686942, 2.2049109348372733 
0.9, 1.5e-07, -60.0, 0.3111111111111111, 0.25844677778632447, 2.987327156964512 
0.9, 1.5e-07, -20.0, 0.16111111111111112, 0.22322900909036786, 6.153085184248276 
1.0, 1.5e-07, -380.0, 0.8333333333333334, 0.368848009147983, 0.8357444309429021 
1.0, 1.5e-07, -340.0, 0.7833333333333333, 0.3532962017374979, 0.9285099715077122 
1.0, 1.5e-07, -300.0, 0.7555555555555555, 0.33821268211640493, 0.9914977786906023 
1.0, 1.5e-07, -260.0, 0.6944444444444444, 0.3284880848630855, 1.111136677363308 
1.0, 1.5e-07, -220.0, 0.6333333333333333, 0.3149936412285619, 1.264873319956337 
1.0, 1.5e-07, -180.0, 0.5722222222222222, 0.3027299893664074, 1.4568430772827587 
1.0, 1.5e-07, -140.0, 0.4666666666666667, 0.2978248957410651, 1.8457973911421512 
1.0, 1.5e-07, -100.0, 0.38333333333333336, 0.28874648931910707, 2.336360130650021 
1.0, 1.5e-07, -60.0, 0.3055555555555556, 0.26888651262919233, 3.0372450952637355 
1.0, 1.5e-07, -20.0, 0.16666666666666666, 0.23713703656417737, 5.919375934212311 
1.1, 1.5e-07, -380.0, 0.7777777777777778, 0.3906980174347742, 0.9004632496257795 
1.1, 1.5e-07, -340.0, 0.7666666666666667, 0.36678334142245056, 0.9433577955117688 
1.1, 1.5e-07, -300.0, 0.7055555555555556, 0.35571342234946984, 1.0610423276605159 
1.1, 1.5e-07, -260.0, 0.6611111111111111, 0.3448825810903215, 1.168024660565816 
1.1, 1.5e-07, -220.0, 0.5944444444444444, 0.3295963263639034, 1.354708790846822 
1.1, 1.5e-07, -180.0, 0.5222222222222223, 0.3230517338897837, 1.589855995547771 
1.1, 1.5e-07, -140.0, 0.45, 0.3193652661593088, 1.9062095820681768 
1.1, 1.5e-07, -100.0, 0.37777777777777777, 0.3020734796980147, 2.362298273328139 
1.1, 1.5e-07, -60.0, 0.28888888888888886, 0.28180518946495997, 3.2190412315557086 
1.1, 1.5e-07, -20.0, 0.16666666666666666, 0.25492231430649076, 5.9014252761267905 
1.2, 1.5e-07, -380.0, 0.7555555555555555, 0.4076405054247578, 0.921651891859886 
1.2, 1.5e-07, -340.0, 0.7111111111111111, 0.3928857154355561, 1.0126578073626982 
1.2, 1.5e-07, -300.0, 0.6777777777777778, 0.3772041522277234, 1.0981488280431224 
1.2, 1.5e-07, -260.0, 0.6277777777777778, 0.3614264829059642, 1.2325600713060536 
1.2, 1.5e-07, -220.0, 0.5666666666666667, 0.3489856272569145, 1.4278675479247123 
1.2, 1.5e-07, -180.0, 0.4888888888888889, 0.34364735453833917, 1.7014536434495504 
1.2, 1.5e-07, -140.0, 0.4222222222222222, 0.33474921782582895, 2.0453069403660304 
1.2, 1.5e-07, -100.0, 0.36666666666666664, 0.3138008486914115, 2.4326632185238117 
1.2, 1.5e-07, -60.0, 0.2833333333333333, 0.29716577747896916, 3.273869963197131 
1.2, 1.5e-07, -20.0, 0.16666666666666666, 0.2668457776618244, 5.889469655482501 
1.3, 1.5e-07, -380.0, 0.7166666666666667, 0.43192153471925754, 0.9694162887387661 
1.3, 1.5e-07, -340.0, 0.6833333333333333, 0.4155340789040617, 1.047600033087365 
1.3, 1.5e-07, -300.0, 0.6333333333333333, 0.3961545282253199, 1.1836131516895283 
1.3, 1.5e-07, -260.0, 0.5888888888888889, 0.38153323187294547, 1.3186798546917116 
1.3, 1.5e-07, -220.0, 0.5277777777777778, 0.369893810123842, 1.5227820280682554 
1.3, 1.5e-07, -180.0, 0.4666666666666667, 0.3624737617987649, 1.782211471936182 
1.3, 1.5e-07, -140.0, 0.40555555555555556, 0.3454948289760447, 2.1338031296315827 
1.3, 1.5e-07, -100.0, 0.34444444444444444, 0.3300010260323935, 2.596588306819609 
1.3, 1.5e-07, -60.0, 0.2611111111111111, 0.30885072321339674, 3.573302968774399 
1.3, 1.5e-07, -20.0, 0.17222222222222222, 0.27467585523739396, 5.676501118518559 
1.4000000000000001, 1.5e-07, -380.0, 0.6833333333333333, 0.44800313669890324, 1.015028634311725 
1.4000000000000001, 1.5e-07, -340.0, 0.6611111111111111, 0.426856741508698, 1.0936624871069531 
1.4000000000000001, 1.5e-07, -300.0, 0.6166666666666667, 0.41132617999544824, 1.2115243997519225 
1.4000000000000001, 1.5e-07, -260.0, 0.5722222222222222, 0.3974088978233604, 1.3615004311790269 
1.4000000000000001, 1.5e-07, -220.0, 0.4888888888888889, 0.3908696286255973, 1.6546992422555964 
1.4000000000000001, 1.5e-07, -180.0, 0.46111111111111114, 0.3746537253934443, 1.8022398532163553 
1.4000000000000001, 1.5e-07, -140.0, 0.39444444444444443, 0.3544389976403727, 2.1957823801408836 
1.4000000000000001, 1.5e-07, -100.0, 0.3333333333333333, 0.34141738227800317, 2.673566542046033 
1.4000000000000001, 1.5e-07, -60.0, 0.24444444444444444, 0.32148388278591605, 3.7827756790987084 
1.4000000000000001, 1.5e-07, -20.0, 0.16666666666666666, 0.2945894787092906, 5.861423905613763 
1.5, 1.5e-07, -380.0, 0.6666666666666666, 0.4700275882741508, 1.0372926127303304 
1.5, 1.5e-07, -340.0, 0.6222222222222222, 0.44972594114554376, 1.1583564535842927 
1.5, 1.5e-07, -300.0, 0.5944444444444444, 0.4313999060901974, 1.2526329096344462 
1.5, 1.5e-07, -260.0, 0.5277777777777778, 0.4194001982569399, 1.4739607391186706 
1.5, 1.5e-07, -220.0, 0.4777777777777778, 0.40421191398799466, 1.690177379313137 
1.5, 1.5e-07, -180.0, 0.4388888888888889, 0.3841124200213733, 1.9044363704062066 
1.5, 1.5e-07, -140.0, 0.38333333333333336, 0.3656538416146827, 2.2595854477323174 
1.5, 1.5e-07, -100.0, 0.3277777777777778, 0.34952423093087437, 2.7175435812615643 
1.5, 1.5e-07, -60.0, 0.24444444444444444, 0.3358129306094601, 3.7683922365556057 
1.5, 1.5e-07, -20.0, 0.16666666666666666, 0.3069126112273729, 5.848951471396952 
1.6, 1.5e-07, -380.0, 0.6277777777777778, 0.506465714688387, 1.0870019896228755 
1.6, 1.5e-07, -340.0, 0.5833333333333334, 0.47668160403729287, 1.239531635564919 
1.6, 1.5e-07, -300.0, 0.5611111111111111, 0.4550886342762803, 1.326821686492847 
1.6, 1.5e-07, -260.0, 0.5222222222222223, 0.42971875644782437, 1.485952757027829 
1.6, 1.5e-07, -220.0, 0.4666666666666667, 0.42077074294849565, 1.7258364511785993 
1.6, 1.5e-07, -180.0, 0.4222222222222222, 0.3978417280899933, 1.9743256970618763 
1.6, 1.5e-07, -140.0, 0.37222222222222223, 0.38080418174574054, 2.3152652930225934 
1.6, 1.5e-07, -100.0, 0.31666666666666665, 0.3665737513771495, 2.8101381158295156 
1.6, 1.5e-07, -60.0, 0.24444444444444444, 0.34634966308192355, 3.7578195930061504 
1.6, 1.5e-07, -20.0, 0.16111111111111112, 0.3156352758569008, 6.060055049669203 
0.7000000000000001, 2e-07, -380.0, 1.0666666666666667, 0.23665306218741153, 0.7037420652869111 
0.7000000000000001, 2e-07, -340.0, 0.9777777777777777, 0.23248936864888103, 0.7938742770865068 
0.7000000000000001, 2e-07, -300.0, 0.9055555555555556, 0.227682694968892, 0.8810237945009715 
0.7000000000000001, 2e-07, -260.0, 0.8277777777777777, 0.22294296954262427, 0.99059892314365 
0.7000000000000001, 2e-07, -220.0, 0.7222222222222222, 0.21848068500561713, 1.1738190363609864 
0.7000000000000001, 2e-07, -180.0, 0.6555555555555556, 0.2138230020705083, 1.3120592056916986 
0.7000000000000001, 2e-07, -140.0, 0.5444444444444444, 0.2050343587468015, 1.6288784547361794 
0.7000000000000001, 2e-07, -100.0, 0.4166666666666667, 0.1928803379424809, 2.2113451732822362 
0.7000000000000001, 2e-07, -60.0, 0.2833333333333333, 0.17375812766752227, 3.3970479991562534 
0.7000000000000001, 2e-07, -20.0, 0.08888888888888889, 0.13669934332136174, 9.76225235777051 
0.8, 2e-07, -380.0, 0.9666666666666667, 0.25137237930058276, 0.7867880207190084 
0.8, 2e-07, -340.0, 0.8944444444444445, 0.24706256784196132, 0.8754378320168303 
0.8, 2e-07, -300.0, 0.8388888888888889, 0.24150207670258522, 0.955802141560597 
0.8, 2e-07, -260.0, 0.75, 0.2383286427716316, 1.1019534990231552 
0.8, 2e-07, -220.0, 0.6888888888888889, 0.23238827930786324, 1.2277154317652232 
0.8, 2e-07, -180.0, 0.5944444444444444, 0.22603719050217155, 1.458255152941009 
0.8, 2e-07, -140.0, 0.5, 0.2188632742896158, 1.7799535602894505 
0.8, 2e-07, -100.0, 0.39444444444444443, 0.20827829608026344, 2.333825254174521 
0.8, 2e-07, -60.0, 0.2722222222222222, 0.19198393710603046, 3.5275383155054976 
0.8, 2e-07, -20.0, 0.08888888888888889, 0.1583064574324587, 9.740203942292213 
0.9, 2e-07, -380.0, 0.9, 0.2667298242627553, 0.8487136028082205 
0.9, 2e-07, -340.0, 0.85, 0.2615024882997179, 0.9199424394602013 
0.9, 2e-07, -300.0, 0.7777777777777778, 0.2563163984098877, 1.035689441885256 
0.9, 2e-07, -260.0, 0.7111111111111111, 0.2510812230431476, 1.16298219107604 
0.9, 2e-07, -220.0, 0.6444444444444445, 0.2462013723888712, 1.3062317738432463 
0.9, 2e-07, -180.0, 0.5777777777777777, 0.23507464120512206, 1.508072039827657 
0.9, 2e-07, -140.0, 0.45555555555555555, 0.23054087070743204, 1.9658788620037362 
0.9, 2e-07, -100.0, 0.37222222222222223, 0.2245454695338013, 2.480340768424521 
0.9, 2e-07, -60.0, 0.25555555555555554, 0.20871853178540375, 3.758799660281211 
0.9, 2e-07, -20.0, 0.1, 0.16058928997663047, 9.33891651126698 
1.0, 2e-07, -380.0, 0.8555555555555555, 0.2818446173668795, 0.8917912068212813 
1.0, 2e-07, -340.0, 0.7777777777777778, 0.277434631491551, 1.0095240506549512 
1.0, 2e-07, -300.0, 0.7333333333333333, 0.26795243735110175, 1.1028656982373242 
1.0, 2e-07, -260.0, 0.6722222222222223, 0.26448354573709393, 1.223245757678366 
1.0, 2e-07, -220.0, 0.5944444444444444, 0.25901923449348235, 1.4252730208547497 
1.0, 2e-07, -180.0, 0.5222222222222223, 0.25084554711980145, 1.6620113207364724 
1.0, 2e-07, -140.0, 0.4388888888888889, 0.244708827875322, 2.036493722931061 
1.0, 2e-07, -100.0, 0.37222222222222223, 0.2363118489893482, 2.4685777782936245 
1.0, 2e-07, -60.0, 0.25555555555555554, 0.2171463380433636, 3.7507174616567385 
1.0, 2e-07, -20.0, 0.1111111111111111, 0.16696179273823333, 9.230674841965612 
1.1, 2e-07, -380.0, 0.8, 0.2949849846515939, 0.9602959974041687 
1.1, 2e-07, -340.0, 0.7611111111111111, 0.2885202934002765, 1.031800310396655 
1.1, 2e-07, -300.0, 0.6888888888888889, 0.28490931968680405, 1.1664734435952675 
1.1, 2e-07, -260.0, 0.6333333333333333, 0.2774895985223927, 1.3024439897023292 
1.1, 2e-07, -220.0, 0.5833333333333334, 0.2654088718624186, 1.46101176077751 
1.1, 2e-07, -180.0, 0.49444444444444446, 0.2617945282622169, 1.759918178840848 
1.1, 2e-07, -140.0, 0.4111111111111111, 0.2607571240203117, 2.184725779124845 
1.1, 2e-07, -100.0, 0.34444444444444444, 0.24618331169950894, 2.6805024511131 
1.1, 2e-07, -60.0, 0.25, 0.2290548379397054, 3.8295572503367152 
1.1, 2e-07, -20.0, 0.1111111111111111, 0.1810001720797784, 9.217895946367204 
1.2, 2e-07, -380.0, 0.7611111111111111, 0.3092914206905694, 1.0109278822464933 
1.2, 2e-07, -340.0, 0.7, 0.3070077705518368, 1.1210959816596262 
1.2, 2e-07, -300.0, 0.65, 0.29789016527771667, 1.2411450215252855 
1.2, 2e-07, -260.0, 0.6055555555555555, 0.2899526441949862, 1.363186399406417 
1.2, 2e-07, -220.0, 0.5444444444444444, 0.28067582605373936, 1.5698551479694385 
1.2, 2e-07, -180.0, 0.46111111111111114, 0.2753503843237663, 1.8945780518538247 
1.2, 2e-07, -140.0, 0.4, 0.27446724655701665, 2.239793835759898 
1.2, 2e-07, -100.0, 0.3333333333333333, 0.25795313879066767, 2.7680645898484593 
1.2, 2e-07, -60.0, 0.2388888888888889, 0.2440073184897204, 3.9579617824293067 
1.2, 2e-07, -20.0, 0.10555555555555556, 0.2009389303766385, 9.72006505725816 
1.3, 2e-07, -380.0, 0.7166666666666667, 0.32236880917824223, 1.080262033094827 
1.3, 2e-07, -340.0, 0.6833333333333333, 0.3161529297766929, 1.147197916041994 
1.3, 2e-07, -300.0, 0.6277777777777778, 0.3086029524134815, 1.2854716294369024 
1.3, 2e-07, -260.0, 0.5777777777777777, 0.2989064180633382, 1.4345891779873476 
1.3, 2e-07, -220.0, 0.5166666666666667, 0.29498162721575094, 1.6388499181957352 
1.3, 2e-07, -180.0, 0.45555555555555555, 0.28924837150385946, 1.9117014866089244 
1.3, 2e-07, -140.0, 0.3888888888888889, 0.2837080099568373, 2.3035134925751075 
1.3, 2e-07, -100.0, 0.31666666666666665, 0.26653375524529255, 2.9100375641433316 
1.3, 2e-07, -60.0, 0.2388888888888889, 0.25269779912157986, 3.94939744322755 
1.3, 2e-07, -20.0, 0.10555555555555556, 0.2140859423091587, 9.706909280651018 
1.4000000000000001, 2e-07, -380.0, 0.6888888888888889, 0.3401861434056648, 1.111193999438676 
1.4000000000000001, 2e-07, -340.0, 0.6444444444444445, 0.32921885925462857, 1.22325698027261 
1.4000000000000001, 2e-07, -300.0, 0.6, 0.3206419870958669, 1.348005646208852 
1.4000000000000001, 2e-07, -260.0, 0.55, 0.31394214587016095, 1.517682471686419 
1.4000000000000001, 2e-07, -220.0, 0.4777777777777778, 0.30905812204290317, 1.784311222115811 
1.4000000000000001, 2e-07, -180.0, 0.4388888888888889, 0.30355884731422395, 1.985100367772489 
1.4000000000000001, 2e-07, -140.0, 0.37777777777777777, 0.28937810629305866, 2.365758095931038 
1.4000000000000001, 2e-07, -100.0, 0.3055555555555556, 0.2760260572182925, 3.0182238036292177 
1.4000000000000001, 2e-07, -60.0, 0.23333333333333334, 0.2624018372093576, 4.042312400209636 
1.4000000000000001, 2e-07, -20.0, 0.10555555555555556, 0.23832903231272592, 9.681818938767353 
1.5, 2e-07, -380.0, 0.6777777777777778, 0.3495712883934237, 1.1259357440069466 
1.5, 2e-07, -340.0, 0.6277777777777778, 0.34177902981686203, 1.2523383421501089 
1.5, 2e-07, -300.0, 0.5833333333333334, 0.33161121389199255, 1.38523794619582 
1.5, 2e-07, -260.0, 0.5111111111111111, 0.33063934757388025, 1.624479467820258 
1.5, 2e-07, -220.0, 0.4666666666666667, 0.32362496758635506, 1.8210829094818228 
1.5, 2e-07, -180.0, 0.4111111111111111, 0.31850661757017046, 2.1268832489270486 
1.5, 2e-07, -140.0, 0.36666666666666664, 0.29746588556240566, 2.4395498256357877 
1.5, 2e-07, -100.0, 0.3, 0.28457924643859617, 3.071909971379038 
1.5, 2e-07, -60.0, 0.2222222222222222, 0.2738483144508157, 4.251685677283377 
1.5, 2e-07, -20.0, 0.1111111111111111, 0.23905211796901452, 9.159365449243623 
1.6, 2e-07, -380.0, 0.6388888888888888, 0.3659492492567143, 1.2001468959466592 
1.6, 2e-07, -340.0, 0.6, 0.3530595969632544, 1.3155932241551036 
1.6, 2e-07, -300.0, 0.55, 0.34696531507504647, 1.484465070353894 
1.6, 2e-07, -260.0, 0.4888888888888889, 0.34572518001512886, 1.6995471756042557 
1.6, 2e-07, -220.0, 0.45, 0.3349572976936992, 1.8965051152101868 
1.6, 2e-07, -180.0, 0.4, 0.32611893488168125, 2.1882731031957188 
1.6, 2e-07, -140.0, 0.34444444444444444, 0.31000145220291664, 2.616899362631425 
1.6, 2e-07, -100.0, 0.28888888888888886, 0.2975037330209993, 3.1906333743995567 
1.6, 2e-07, -60.0, 0.2222222222222222, 0.27986833121471666, 4.245818738932772 
1.6, 2e-07, -20.0, 0.1111111111111111, 0.2531404559559031, 9.144798560022389 
0.7000000000000001, 2.5e-07, -380.0, 1.0333333333333334, 0.20545358600112196, 0.7655770831142328 
0.7000000000000001, 2.5e-07, -340.0, 0.95, 0.20263343413683, 0.8540694908430374 
0.7000000000000001, 2.5e-07, -300.0, 0.8833333333333333, 0.19940726214369506, 0.9375150850867401 
0.7000000000000001, 2.5e-07, -260.0, 0.8, 0.19328444787370452, 1.062910356217563 
0.7000000000000001, 2.5e-07, -220.0, 0.6944444444444444, 0.1905222898822641, 1.2580876152876317 
0.7000000000000001, 2.5e-07, -180.0, 0.6, 0.18336673161290562, 1.4852285047740594 
0.7000000000000001, 2.5e-07, -140.0, 0.48333333333333334, 0.1712145942027682, 1.8974874415971172 
0.7000000000000001, 2.5e-07, -100.0, 0.32222222222222224, 0.16372653977425963, 2.9575518043397406 
0.7000000000000001, 2.5e-07, -60.0, 0.18333333333333332, 0.11974935899020962, 5.458918728385947 
0.7000000000000001, 2.5e-07, -20.0, 0.03888888888888889, 0.09906085676697782, 18.367462489383787 
0.8, 2.5e-07, -380.0, 0.9444444444444444, 0.2171672925646842, 0.8457436991424028 
0.8, 2.5e-07, -340.0, 0.8833333333333333, 0.21505468691168328, 0.9218192170180366 
0.8, 2.5e-07, -300.0, 0.8055555555555556, 0.21057052198745058, 1.0368500519014814 
0.8, 2.5e-07, -260.0, 0.7277777777777777, 0.2053948641919354, 1.1763416351507319 
0.8, 2.5e-07, -220.0, 0.6611111111111111, 0.20226114414813767, 1.310770905176327 
0.8, 2.5e-07, -180.0, 0.5722222222222222, 0.19457679772843914, 1.5659782278264425 
0.8, 2.5e-07, -140.0, 0.43333333333333335, 0.19016310003215284, 2.1203357422820197 
0.8, 2.5e-07, -100.0, 0.3277777777777778, 0.17861485845379776, 2.8997031384556955 
0.8, 2.5e-07, -60.0, 0.18333333333333332, 0.1462425800057427, 5.433595940027421 
0.8, 2.5e-07, -20.0, 0.06111111111111111, 0.07829882233847839, 14.7706731649912 
0.9, 2.5e-07, -380.0, 0.8888888888888888, 0.23044674130858342, 0.8992304797590506 
0.9, 2.5e-07, -340.0, 0.8277777777777777, 0.22520954969378254, 0.9884453004592442 
0.9, 2.5e-07, -300.0, 0.7388888888888889, 0.22315362425347407, 1.1375810629483976 
0.9, 2.5e-07, -260.0, 0.6777777777777778, 0.2189908553839176, 1.2565218625959256 
0.9, 2.5e-07, -220.0, 0.5944444444444444, 0.2137296214250063, 1.4706505526819154 
0.9, 2.5e-07, -180.0, 0.5333333333333333, 0.2062147167067261, 1.6664521269089825 
0.9, 2.5e-07, -140.0, 0.4222222222222222, 0.19920352480154585, 2.1730944940021866 
0.9, 2.5e-07, -100.0, 0.3333333333333333, 0.1857962020327618, 2.8403606769575203 
0.9, 2.5e-07, -60.0, 0.2, 0.15481629095915048, 4.946990705312982 
0.9, 2.5e-07, -20.0, 0.06666666666666667, 0.10791067394212567, 13.392550308103544 
1.0, 2.5e-07, -380.0, 0.8444444444444444, 0.24010387892361612, 0.9492473467235492 
1.0, 2.5e-07, -340.0, 0.7777777777777778, 0.23704663520593663, 1.05512658965634 
1.0, 2.5e-07, -300.0, 0.7111111111111111, 0.23329126167783334, 1.1809515683933194 
1.0, 2.5e-07, -260.0, 0.6388888888888888, 0.22997484932158813, 1.336174646075135 
1.0, 2.5e-07, -220.0, 0.5777777777777777, 0.22262340959641522, 1.5209351784151486 
1.0, 2.5e-07, -180.0, 0.48333333333333334, 0.21871550389036198, 1.8499802553622604 
1.0, 2.5e-07, -140.0, 0.39444444444444443, 0.21521621499699115, 2.327002330610455 
1.0, 2.5e-07, -100.0, 0.3055555555555556, 0.20577511847516122, 3.100415026820391 
1.0, 2.5e-07, -60.0, 0.20555555555555555, 0.17237082877191898, 4.730334334356559 
1.0, 2.5e-07, -20.0, 0.07222222222222222, 0.12228339191020082, 12.253606736645773 
1.1, 2.5e-07, -380.0, 0.7777777777777778, 0.25220551559304477, 1.0398945940472697 
1.1, 2.5e-07, -340.0, 0.7277777777777777, 0.24681858981956367, 1.134737612497689 
1.1, 2.5e-07, -300.0, 0.6666666666666666, 0.24397304453535681, 1.2563549752536776 
1.1, 2.5e-07, -260.0, 0.6055555555555555, 0.2400948328144882, 1.4130987867450462 
1.1, 2.5e-07, -220.0, 0.5444444444444444, 0.23178772311038218, 1.6192575527256843 
1.1, 2.5e-07, -180.0, 0.45555555555555555, 0.22796982822755527, 1.9686173358966432 
1.1, 2.5e-07, -140.0, 0.3888888888888889, 0.22361489655784936, 2.36376796308949 
1.1, 2.5e-07, -100.0, 0.3, 0.21145459221718316, 3.145188935322616 
1.1, 2.5e-07, -60.0, 0.19444444444444445, 0.18707371596369035, 5.004651378450452 
1.1, 2.5e-07, -20.0, 0.06666666666666667, 0.14005073577982666, 13.360576775083654 
1.2, 2.5e-07, -380.0, 0.7444444444444445, 0.2609779980634604, 1.0893538961503753 
1.2, 2.5e-07, -340.0, 0.6833333333333333, 0.2596387353612031, 1.2037330846988312 
1.2, 2.5e-07, -300.0, 0.6444444444444445, 0.2548752268476611, 1.2976562637642703 
1.2, 2.5e-07, -260.0, 0.5777777777777777, 0.2498124415814772, 1.4836941610415582 
1.2, 2.5e-07, -220.0, 0.5166666666666667, 0.2437981892766543, 1.689992366222453 
1.2, 2.5e-07, -180.0, 0.4388888888888889, 0.24052241987311343, 2.041041240648232 
1.2, 2.5e-07, -140.0, 0.38333333333333336, 0.22933190327716643, 2.396163567870125 
1.2, 2.5e-07, -100.0, 0.28888888888888886, 0.22312299604985103, 3.2650423685230496 
1.2, 2.5e-07, -60.0, 0.19444444444444445, 0.20248952652685118, 4.989281748147694 
1.2, 2.5e-07, -20.0, 0.06111111111111111, 0.16341018722380815, 14.685843385197808 
1.3, 2.5e-07, -380.0, 0.6944444444444444, 0.2760434973272125, 1.1636818912803182 
1.3, 2.5e-07, -340.0, 0.65, 0.2707929376409357, 1.268320801880283 
1.3, 2.5e-07, -300.0, 0.6055555555555555, 0.26428581722947886, 1.3889243533593485 
1.3, 2.5e-07, -260.0, 0.5555555555555556, 0.257636734036825, 1.556065458945852 
1.3, 2.5e-07, -220.0, 0.48333333333333334, 0.25106803353009893, 1.817832447998149 
1.3, 2.5e-07, -180.0, 0.4222222222222222, 0.25151548528104367, 2.1202582306868205 
1.3, 2.5e-07, -140.0, 0.37222222222222223, 0.2368934570993182, 2.468229581674563 
1.3, 2.5e-07, -100.0, 0.2833333333333333, 0.22871263754545662, 3.329344042986638 
1.3, 2.5e-07, -60.0, 0.2, 0.20957651721630424, 4.834027071241821 
1.3, 2.5e-07, -20.0, 0.06666666666666667, 0.16194927532209447, 13.338231635529985 
1.4000000000000001, 2.5e-07, -380.0, 0.6777777777777778, 0.2848789376444216, 1.190592965997063 
1.4000000000000001, 2.5e-07, -340.0, 0.6277777777777778, 0.279821467352713, 1.3143138259361495 
1.4000000000000001, 2.5e-07, -300.0, 0.5777777777777777, 0.27395591768694033, 1.4595782013669703 
1.4000000000000001, 2.5e-07, -260.0, 0.5333333333333333, 0.2679344598082698, 1.6216471102429537 
1.4000000000000001, 2.5e-07, -220.0, 0.46111111111111114, 0.26421502361465576, 1.9059954300701487 
1.4000000000000001, 2.5e-07, -180.0, 0.40555555555555556, 0.2616601158994947, 2.2178446730206662 
1.4000000000000001, 2.5e-07, -140.0, 0.3388888888888889, 0.25193899148509946, 2.7236620797228954 
1.4000000000000001, 2.5e-07, -100.0, 0.2722222222222222, 0.23923054170238442, 3.4671091707419968 
1.4000000000000001, 2.5e-07, -60.0, 0.2, 0.21454462694769327, 4.8293166846808555 
1.4000000000000001, 2.5e-07, -20.0, 0.06666666666666667, 0.17302344170658732, 13.326786564051273 
1.5, 2.5e-07, -380.0, 0.6444444444444445, 0.2948335295629805, 1.2577067244095286 
1.5, 2.5e-07, -340.0, 0.6055555555555555, 0.28866930284671083, 1.3645741395548499 
1.5, 2.5e-07, -300.0, 0.5611111111111111, 0.284012425577969, 1.5016769451953664 
1.5, 2.5e-07, -260.0, 0.4888888888888889, 0.27913257661965674, 1.7659864315381846 
1.5, 2.5e-07, -220.0, 0.45, 0.2711459218017677, 1.9604896502339728 
1.5, 2.5e-07, -180.0, 0.39444444444444443, 0.2734497007524053, 2.276886672381513 
1.5, 2.5e-07, -140.0, 0.3333333333333333, 0.25975165002303646, 2.766438816983041 
1.5, 2.5e-07, -100.0, 0.25555555555555554, 0.2457530927900986, 3.7232513086389605 
1.5, 2.5e-07, -60.0, 0.19444444444444445, 0.22872495228156373, 4.963420802322783 
1.5, 2.5e-07, -20.0, 0.06111111111111111, 0.1987445745668106, 14.649173739515623 
1.6, 2.5e-07, -380.0, 0.6277777777777778, 0.3042172023089834, 1.2899589863311558 
1.6, 2.5e-07, -340.0, 0.5833333333333334, 0.29821980693759054, 1.4186718088488288 
1.6, 2.5e-07, -300.0, 0.5444444444444444, 0.29295137890958967, 1.5577105618127214 
1.6, 2.5e-07, -260.0, 0.4777777777777778, 0.28835432994935584, 1.8051763034063626 
1.6, 2.5e-07, -220.0, 0.43333333333333335, 0.2852766748208854, 2.0332130553114287 
1.6, 2.5e-07, -180.0, 0.38333333333333336, 0.2797394523904971, 2.3456906423538944 
1.6, 2.5e-07, -140.0, 0.3111111111111111, 0.2667791661346996, 2.9675980337488306 
1.6, 2.5e-07, -100.0, 0.25555555555555554, 0.25428950479880535, 3.667319829696529 
1.6, 2.5e-07, -60.0, 0.19444444444444445, 0.22926736043100826, 4.963215090253721 
1.6, 2.5e-07, -20.0, 0.06666666666666667, 0.19683706265369225, 13.302079743081357 
0.7000000000000001, 3e-07, -380.0, 0.9888888888888889, 0.1864580137502907, 0.8285514316727085 
0.7000000000000001, 3e-07, -340.0, 0.9111111111111111, 0.18257447865987353, 0.919594608239594 
0.7000000000000001, 3e-07, -300.0, 0.8388888888888889, 0.17871960954763752, 1.0189298858167404 
0.7000000000000001, 3e-07, -260.0, 0.7388888888888889, 0.17543372722754935, 1.1855413624782314 
0.7000000000000001, 3e-07, -220.0, 0.6611111111111111, 0.16821369761566657, 1.3448359272470405 
0.7000000000000001, 3e-07, -180.0, 0.5611111111111111, 0.1595016314602945, 1.6365053372486107 
0.7000000000000001, 3e-07, -140.0, 0.4222222222222222, 0.149797053959135, 2.2224536356016404 
0.7000000000000001, 3e-07, -100.0, 0.2722222222222222, 0.1259365688334407, 3.5503527635457317 
0.7000000000000001, 3e-07, -60.0, 0.07777777777777778, 0.10498452471485906, 11.317247218861995 
0.7000000000000001, 3e-07, -20.0, 0.027777777777777776, 0.061549051063286495, 20.074632665182705 
0.8, 3e-07, -380.0, 0.9055555555555556, 0.19676963380721624, 0.9121646834318011 
0.8, 3e-07, -340.0, 0.85, 0.19312118432683006, 0.9887407529030794 
0.8, 3e-07, -300.0, 0.7666666666666667, 0.18927810240170756, 1.122005535320661 
0.8, 3e-07, -260.0, 0.7, 0.18433154143038738, 1.2528029575518043 
0.8, 3e-07, -220.0, 0.6, 0.18059125131604023, 1.4880579383327706 
0.8, 3e-07, -180.0, 0.5166666666666667, 0.17252385525315156, 1.761281181012722 
0.8, 3e-07, -140.0, 0.40555555555555556, 0.15985397779935132, 2.311336726820576 
0.8, 3e-07, -100.0, 0.2777777777777778, 0.14521979028470874, 3.4986345203363967 
0.8, 3e-07, -60.0, 0.09444444444444444, 0.11490488429022641, 10.206301450466002 
0.8, 3e-07, -20.0, 0.027777777777777776, 0.08552920082820331, 20.05090230864451 
0.9, 3e-07, -380.0, 0.8666666666666667, 0.2059256931335044, 0.9530369036813432 
0.9, 3e-07, -340.0, 0.7888888888888889, 0.201678125751774, 1.0723747233820513 
0.9, 3e-07, -300.0, 0.7111111111111111, 0.1991632620775025, 1.2153010873807302 
0.9, 3e-07, -260.0, 0.6611111111111111, 0.1941754003723622, 1.318933639771447 
0.9, 3e-07, -220.0, 0.5888888888888889, 0.18448879371027985, 1.5261652457529202 
0.9, 3e-07, -180.0, 0.48333333333333334, 0.18313576060889059, 1.8856367861900358 
0.9, 3e-07, -140.0, 0.38333333333333336, 0.17581098930909125, 2.440788393137315 
0.9, 3e-07, -100.0, 0.26666666666666666, 0.16192845921986798, 3.6369681220143657 
0.9, 3e-07, -60.0, 0.10555555555555556, 0.125054377502132, 9.051063286501728 
0.9, 3e-07, -20.0, 0.027777777777777776, 0.10311464398914232, 20.033916369227693 
1.0, 3e-07, -380.0, 0.7944444444444444, 0.2163943001804994, 1.048631965761675 
1.0, 3e-07, -340.0, 0.7444444444444445, 0.21116848300449134, 1.139455280480648 
1.0, 3e-07, -300.0, 0.6833333333333333, 0.20959885644796197, 1.2538800987051792 
1.0, 3e-07, -260.0, 0.6111111111111112, 0.2052846154117879, 1.4328047817298633 
1.0, 3e-07, -220.0, 0.5444444444444444, 0.19731625782331425, 1.6540534916886953 
1.0, 3e-07, -180.0, 0.4444444444444444, 0.1940393785144519, 2.0578155733393966 
1.0, 3e-07, -140.0, 0.37222222222222223, 0.18633829061731072, 2.5189148982231373 
1.0, 3e-07, -100.0, 0.26666666666666666, 0.17443893665798868, 3.624489090177482 
1.0, 3e-07, -60.0, 0.1111111111111111, 0.13863524082842532, 8.554655488395422 
1.0, 3e-07, -20.0, 0.027777777777777776, 0.1175027338480924, 20.01992794853149 
1.1, 3e-07, -380.0, 0.7555555555555555, 0.22482125090570454, 1.1057439489903726 
1.1, 3e-07, -340.0, 0.7, 0.22157055707061535, 1.2154179040682989 
1.1, 3e-07, -300.0, 0.6444444444444445, 0.2177938530193684, 1.3348168074398317 
1.1, 3e-07, -260.0, 0.5833333333333334, 0.21353752409711643, 1.503370927569785 
1.1, 3e-07, -220.0, 0.5, 0.20852738566408915, 1.7904953957900391 
1.1, 3e-07, -180.0, 0.42777777777777776, 0.20569985610035785, 2.1355348832589165 
1.1, 3e-07, -140.0, 0.3611111111111111, 0.19367045313345316, 2.596101005278963 
1.1, 3e-07, -100.0, 0.2777777777777778, 0.177153356388323, 3.466946465289899 
1.1, 3e-07, -60.0, 0.12777777777777777, 0.1434030332862145, 7.9730364612323426 
1.1, 3e-07, -20.0, 0.027777777777777776, 0.13029214705604802, 20.007937873649034 
1.2, 3e-07, -380.0, 0.7111111111111111, 0.23319758921781414, 1.1811246534638016 
1.2, 3e-07, -340.0, 0.6722222222222223, 0.23022264994692868, 1.2576755907609813 
1.2, 3e-07, -300.0, 0.6166666666666667, 0.22650619689737306, 1.3967165563455302 
1.2, 3e-07, -260.0, 0.5555555555555556, 0.22088715452209004, 1.5931660610232237 
1.2, 3e-07, -220.0, 0.4777777777777778, 0.21702965000418903, 1.8761528447203677 
1.2, 3e-07, -180.0, 0.4166666666666667, 0.21455572886888072, 2.190457058593989 
1.2, 3e-07, -140.0, 0.3277777777777778, 0.20833601864972223, 2.8699346766785574 
1.2, 3e-07, -100.0, 0.25, 0.1933954670855792, 3.8647326783536253 
1.2, 3e-07, -60.0, 0.13333333333333333, 0.15537138701852352, 7.608614801226135 
1.2, 3e-07, -20.0, 0.03333333333333333, 0.12606231508362523, 17.522095598643343 
1.3, 3e-07, -380.0, 0.6833333333333333, 0.24384692941845293, 1.219597002080882 
1.3, 3e-07, -340.0, 0.6388888888888888, 0.239210682365105, 1.3270243257701009 
1.3, 3e-07, -300.0, 0.5888888888888889, 0.2358425106596772, 1.464711354014098 
1.3, 3e-07, -260.0, 0.5277777777777778, 0.22707519009848864, 1.6830855026270803 
1.3, 3e-07, -220.0, 0.45555555555555555, 0.22591055723656395, 1.9708500556021216 
1.3, 3e-07, -180.0, 0.4, 0.22274617122493046, 2.2918634097799635 
1.3, 3e-07, -140.0, 0.32222222222222224, 0.21475326650104382, 2.917602417414123 
1.3, 3e-07, -100.0, 0.25555555555555554, 0.1968370626536922, 3.7714114427501677 
1.3, 3e-07, -60.0, 0.1388888888888889, 0.16342472064790808, 7.277309338381007 
1.3, 3e-07, -20.0, 0.03888888888888889, 0.1280368710662523, 19.844906161011163 
1.4000000000000001, 3e-07, -380.0, 0.65, 0.25248330762099913, 1.2867021379429018 
1.4000000000000001, 3e-07, -340.0, 0.6055555555555555, 0.24790488159113547, 1.4053829515197604 
1.4000000000000001, 3e-07, -300.0, 0.5611111111111111, 0.24253191074121316, 1.5533241927515555 
1.4000000000000001, 3e-07, -260.0, 0.4888888888888889, 0.24090285869424244, 1.8041387579361985 
1.4000000000000001, 3e-07, -220.0, 0.43333333333333335, 0.23597133483949398, 2.07555462927405 
1.4000000000000001, 3e-07, -180.0, 0.3888888888888889, 0.23250753542900593, 2.3549491761288412 
1.4000000000000001, 3e-07, -140.0, 0.31666666666666665, 0.22062438957693206, 2.967829011381848 
1.4000000000000001, 3e-07, -100.0, 0.24444444444444444, 0.2079642154802161, 3.895891346788259 
1.4000000000000001, 3e-07, -60.0, 0.14444444444444443, 0.1686680726253524, 6.974626559126056 
1.4000000000000001, 3e-07, -20.0, 0.044444444444444446, 0.13264020338719615, 21.08097820613571 
1.5, 3e-07, -380.0, 0.6388888888888888, 0.25952430198480625, 1.3067165746716678 
1.5, 3e-07, -340.0, 0.5944444444444444, 0.2555641506099079, 1.428968075378274 
1.5, 3e-07, -300.0, 0.55, 0.24867294194351236, 1.5836074922561265 
1.5, 3e-07, -260.0, 0.4777777777777778, 0.24656334220497317, 1.8468124261844683 
1.5, 3e-07, -220.0, 0.42777777777777776, 0.24583546390495076, 2.1032852629884444 
1.5, 3e-07, -180.0, 0.36666666666666664, 0.23591077890574416, 2.510890771186415 
1.5, 3e-07, -140.0, 0.3111111111111111, 0.227258309193263, 3.0073287818820678 
1.5, 3e-07, -100.0, 0.2388888888888889, 0.2143574433927884, 3.9873184340264367 
1.5, 3e-07, -60.0, 0.14444444444444443, 0.1786213719668804, 6.964674796973616 
1.5, 3e-07, -20.0, 0.044444444444444446, 0.14825228005706387, 21.066561568479422 
1.6, 3e-07, -380.0, 0.6055555555555555, 0.26856667729836886, 1.3847241265100922 
1.6, 3e-07, -340.0, 0.5666666666666667, 0.2638894013550221, 1.5041410440829261 
1.6, 3e-07, -300.0, 0.5111111111111111, 0.2574282109953909, 1.7150089251516403 
1.6, 3e-07, -260.0, 0.45555555555555555, 0.2568239921723332, 1.9404431270164633 
1.6, 3e-07, -220.0, 0.40555555555555556, 0.25324242634160443, 2.226379274933527 
1.6, 3e-07, -180.0, 0.3388888888888889, 0.24772936136926366, 2.717400596173167 
1.6, 3e-07, -140.0, 0.3055555555555556, 0.2336611259669395, 3.060799671383132 
1.6, 3e-07, -100.0, 0.23333333333333334, 0.22314861586797596, 4.0810851830104315 
1.6, 3e-07, -60.0, 0.1388888888888889, 0.18508678926888297, 7.255952017496628 
1.6, 3e-07, -20.0, 0.044444444444444446, 0.15899338880593283, 21.055998883463925 
0.7000000000000001, 3.5e-07, -380.0, 0.9555555555555556, 0.1708004756269584, 0.8798856852704674 
0.7000000000000001, 3.5e-07, -340.0, 0.8888888888888888, 0.16647469594613346, 0.9634917511154548 
0.7000000000000001, 3.5e-07, -300.0, 0.8055555555555556, 0.16149390514097425, 1.086121765871584 
0.7000000000000001, 3.5e-07, -260.0, 0.7055555555555556, 0.15831776696831404, 1.2675539216347103 
0.7000000000000001, 3.5e-07, -220.0, 0.6222222222222222, 0.14874294532383114, 1.459773613823872 
0.7000000000000001, 3.5e-07, -180.0, 0.48333333333333334, 0.1401024171370787, 1.9287057857920453 
0.7000000000000001, 3.5e-07, -140.0, 0.3277777777777778, 0.12589578626581327, 2.9417545361397197 
0.7000000000000001, 3.5e-07, -100.0, 0.15, 0.10469111679776183, 6.246060419217083 
0.7000000000000001, 3.5e-07, -60.0, 0.03888888888888889, 0.08721352087121532, 18.38594718816091 
0.7000000000000001, 3.5e-07, -20.0, 0.005555555555555556, 0.053955336971062834, 0.0 
0.8, 3.5e-07, -380.0, 0.8944444444444445, 0.1791746645607954, 0.9437063208788279 
0.8, 3.5e-07, -340.0, 0.8166666666666667, 0.17638460498854633, 1.0541205730994214 
0.8, 3.5e-07, -300.0, 0.7333333333333333, 0.17409074003892733, 1.1973294879442244 
0.8, 3.5e-07, -260.0, 0.6611111111111111, 0.1670382000781706, 1.3460467893290966 
0.8, 3.5e-07, -220.0, 0.5888888888888889, 0.1573414543537702, 1.5431892488995218 
0.8, 3.5e-07, -180.0, 0.46111111111111114, 0.15133256159375968, 2.0184511222349952 
0.8, 3.5e-07, -140.0, 0.35, 0.13428566670605205, 2.7353969894812877 
0.8, 3.5e-07, -100.0, 0.18333333333333332, 0.1131487622114825, 5.4663813010341435 
0.8, 3.5e-07, -60.0, 0.05555555555555555, 0.08413035875858317, 16.413080283543067 
0.8, 3.5e-07, -20.0, 0.005555555555555556, 0.08892638871156652, 0.0 
0.9, 3.5e-07, -380.0, 0.8333333333333334, 0.18740487041282491, 1.018311426846107 
0.9, 3.5e-07, -340.0, 0.7611111111111111, 0.1854012734713961, 1.135589396097936 
0.9, 3.5e-07, -300.0, 0.6944444444444444, 0.18174555506830462, 1.2670398822193598 
0.9, 3.5e-07, -260.0, 0.6111111111111112, 0.1770352723175109, 1.4610474581158381 
0.9, 3.5e-07, -220.0, 0.5444444444444444, 0.16834024352403978, 1.6832767240267834 
0.9, 3.5e-07, -180.0, 0.4166666666666667, 0.16595595867864932, 2.238187818401974 
0.9, 3.5e-07, -140.0, 0.3388888888888889, 0.14904056196105062, 2.826693459303132 
0.9, 3.5e-07, -100.0, 0.19444444444444445, 0.12660948119929294, 5.1249341639747215 
0.9, 3.5e-07, -60.0, 0.06666666666666667, 0.0975858872377865, 13.402723704973509 
0.9, 3.5e-07, -20.0, 0.022222222222222223, 0.053955336971062834, 12.259185452042473 
1.0, 3.5e-07, -380.0, 0.7666666666666667, 0.19759730290892055, 1.11370583628402 
1.0, 3.5e-07, -340.0, 0.7166666666666667, 0.1919341444362528, 1.2115752099650843 
1.0, 3.5e-07, -300.0, 0.6555555555555556, 0.19090129818151474, 1.3351768215797437 
1.0, 3.5e-07, -260.0, 0.5777777777777777, 0.18545225597443482, 1.5481456638886892 
1.0, 3.5e-07, -220.0, 0.49444444444444446, 0.18183824238874424, 1.8399541995287736 
1.0, 3.5e-07, -180.0, 0.39444444444444443, 0.177416518829992, 2.3640716454553883 
1.0, 3.5e-07, -140.0, 0.3277777777777778, 0.1589531678626478, 2.919600460997706 
1.0, 3.5e-07, -100.0, 0.21666666666666667, 0.13637429187890193, 4.562460138990209 
1.0, 3.5e-07, -60.0, 0.07222222222222222, 0.10844869012274881, 12.267761686159787 
1.0, 3.5e-07, -20.0, 0.027777777777777776, 0.0701419380623817, 20.066889075154453 
1.1, 3.5e-07, -380.0, 0.7277777777777777, 0.20483044590866445, 1.177041056185542 
1.1, 3.5e-07, -340.0, 0.6777777777777778, 0.20271744090888694, 1.2729049952176867 
1.1, 3.5e-07, -300.0, 0.6111111111111112, 0.19806332031212548, 1.4400923272432844 
1.1, 3.5e-07, -260.0, 0.5611111111111111, 0.1911981660505558, 1.604971440307745 
1.1, 3.5e-07, -220.0, 0.4777777777777778, 0.18771670530608578, 1.905516773207015 
1.1, 3.5e-07, -180.0, 0.39444444444444443, 0.18498771634966643, 2.3569346961205917 
1.1, 3.5e-07, -140.0, 0.3111111111111111, 0.17367766206227703, 3.072729190331841 
1.1, 3.5e-07, -100.0, 0.2222222222222222, 0.15157452997241172, 4.42646407653152 
1.1, 3.5e-07, -60.0, 0.07777777777777778, 0.120114857304628, 11.304257971072662 
1.1, 3.5e-07, -20.0, 0.027777777777777776, 0.08652837373507485, 20.051152101871228 
1.2, 3.5e-07, -380.0, 0.6888888888888889, 0.21453209252054614, 1.2370735389905565 
1.2, 3.5e-07, -340.0, 0.6388888888888888, 0.21010434116493426, 1.3561843982364303 
1.2, 3.5e-07, -300.0, 0.5888888888888889, 0.20674395628691847, 1.4938681710298538 
1.2, 3.5e-07, -260.0, 0.5222222222222223, 0.2011207507544287, 1.729858384251459 
1.2, 3.5e-07, -220.0, 0.4444444444444444, 0.19717428350976132, 2.0551342485766524 
1.2, 3.5e-07, -180.0, 0.39444444444444443, 0.19323441104581734, 2.357448556472697 
1.2, 3.5e-07, -140.0, 0.29444444444444445, 0.18151012730866284, 3.2522309524124684 
1.2, 3.5e-07, -100.0, 0.21666666666666667, 0.16271146491131058, 4.481369369390424 
1.2, 3.5e-07, -60.0, 0.08333333333333333, 0.12636206695568666, 10.482322965989265 
1.2, 3.5e-07, -20.0, 0.027777777777777776, 0.09971745610577909, 20.03916202698877 
1.3, 3.5e-07, -380.0, 0.6611111111111111, 0.22151411453012446, 1.291642671306642 
1.3, 3.5e-07, -340.0, 0.6166666666666667, 0.21769367188992048, 1.4056001118266244 
1.3, 3.5e-07, -300.0, 0.5666666666666667, 0.21269648359707471, 1.565634695460287 
1.3, 3.5e-07, -260.0, 0.48333333333333334, 0.21159496133564526, 1.8572649229507308 
1.3, 3.5e-07, -220.0, 0.4222222222222222, 0.20807775785599694, 2.1645815408356412 
1.3, 3.5e-07, -180.0, 0.37777777777777777, 0.19648441339244344, 2.4684641229403548 
1.3, 3.5e-07, -140.0, 0.3, 0.18841810575320053, 3.1805558857620686 
1.3, 3.5e-07, -100.0, 0.2222222222222222, 0.1702840426535812, 4.3548310650542685 
1.3, 3.5e-07, -60.0, 0.08333333333333333, 0.13881842252801846, 10.469619196173324 
1.3, 3.5e-07, -20.0, 0.027777777777777776, 0.11170753098823752, 20.027671538559744 
1.4000000000000001, 3.5e-07, -380.0, 0.6388888888888888, 0.22706421520157105, 1.3392510468673444 
1.4000000000000001, 3.5e-07, -340.0, 0.5944444444444444, 0.22561697759741248, 1.4589621149034175 
1.4000000000000001, 3.5e-07, -300.0, 0.5444444444444444, 0.21879847532105226, 1.632669131331321 
1.4000000000000001, 3.5e-07, -260.0, 0.4722222222222222, 0.21751406433824544, 1.9007242417586074 
1.4000000000000001, 3.5e-07, -220.0, 0.42777777777777776, 0.2160678970430898, 2.133234156170725 
1.4000000000000001, 3.5e-07, -180.0, 0.35, 0.20785968440410038, 2.671949509894946 
1.4000000000000001, 3.5e-07, -140.0, 0.2833333333333333, 0.1998933562511816, 3.3583200572859124 
1.4000000000000001, 3.5e-07, -100.0, 0.21666666666666667, 0.18251558432186685, 4.461648851491645 
1.4000000000000001, 3.5e-07, -60.0, 0.07777777777777778, 0.15715562435222272, 11.266519978974667 
1.4000000000000001, 3.5e-07, -20.0, 0.027777777777777776, 0.12249859838245007, 20.01792960271775 
1.5, 3.5e-07, -380.0, 0.6111111111111112, 0.23595922365274397, 1.4022245907452446 
1.5, 3.5e-07, -340.0, 0.5666666666666667, 0.2326407584832555, 1.5354121882276879 
1.5, 3.5e-07, -300.0, 0.5, 0.22998739931945217, 1.7873631571269246 
1.5, 3.5e-07, -260.0, 0.45555555555555555, 0.22257185752335906, 1.9744150058500956 
1.5, 3.5e-07, -220.0, 0.4, 0.22184414012844922, 2.2928485098289912 
1.5, 3.5e-07, -180.0, 0.3388888888888889, 0.21555926974474404, 2.749707186828681 
1.5, 3.5e-07, -140.0, 0.28888888888888886, 0.20091061373555302, 3.287611921242971 
1.5, 3.5e-07, -100.0, 0.2111111111111111, 0.19265631285915075, 4.577049058339545 
1.5, 3.5e-07, -60.0, 0.08333333333333333, 0.15833559997557575, 11.37815284649294 
1.5, 3.5e-07, -20.0, 0.027777777777777776, 0.13269016203253972, 20.008937046555907 
1.6, 3.5e-07, -380.0, 0.5944444444444444, 0.24313518669359005, 1.44144831055467 
1.6, 3.5e-07, -340.0, 0.5555555555555556, 0.23700381350992789, 1.5770480899901544 
1.6, 3.5e-07, -300.0, 0.48333333333333334, 0.23610340941913788, 1.8328665147596812 
1.6, 3.5e-07, -260.0, 0.43333333333333335, 0.2331275350276288, 2.0791101276699306 
1.6, 3.5e-07, -220.0, 0.39444444444444443, 0.2291483442618196, 2.3214783318253223 
1.6, 3.5e-07, -180.0, 0.3333333333333333, 0.2228322111141333, 2.8034759550733477 
1.6, 3.5e-07, -140.0, 0.26666666666666666, 0.21086711555434665, 3.5745304448339037 
1.6, 3.5e-07, -100.0, 0.20555555555555555, 0.20148186643698685, 4.700747714391975 
1.6, 3.5e-07, -60.0, 0.08888888888888889, 0.16042969985956068, 11.743212562934014 
1.6, 3.5e-07, -20.0, 0.027777777777777776, 0.14168271819438352, 20.000693870074215 
